0.000000000000e+00 5.764275665097e-02 5.635117526249e-02
6.135923151543e-03 1.962063782351e-02 -1.969254398335e-02
1.227184630309e-02 2.034293169637e-02 7.104067643252e-03
1.840776945463e-02 -1.029921480752e-03 -1.363562623671e-02
2.454369260617e-02 1.013601750798e-02 -6.524948636828e-05
3.067961575771e-02 -1.884984003021e-02 -2.003339617723e-02
3.681553890926e-02 2.749137431924e-02 -5.545370361165e-02
4.295146206080e-02 7.041483020750e-02 5.129672270841e-03
4.908738521234e-02 6.740819025114e-03 3.640668511289e-02
5.522330836388e-02 2.149060848035e-02 -1.531988911991e-02
6.135923151543e-02 1.673875582252e-02 5.853204485863e-02
6.749515466697e-02 8.604702420861e-02 -2.724087982568e-02
7.363107781851e-02 -7.298683772101e-03 -3.783125282337e-02
7.976700097005e-02 7.078535581172e-03 -4.714585249595e-03
8.590292412160e-02 -2.713034364845e-03 -1.743334459622e-03
9.203884727314e-02 1.112156153896e-02 8.250957890775e-03
9.817477042468e-02 4.301989556339e-03 1.058525091444e-02
1.043106935762e-01 9.665050409844e-03 4.680239243491e-02
1.104466167278e-01 -7.314734846971e-02 2.587016196996e-02
1.165825398793e-01 -8.857170144061e-03 -4.949001546832e-02
1.227184630309e-01 1.356775760658e-04 2.594506502184e-02
1.288543861824e-01 -1.670124007990e-02 -3.014420098354e-02
1.349903093339e-01 -3.062535407459e-02 6.196789438755e-02
1.411262324855e-01 5.938500448077e-02 2.832477428640e-02
1.472621556370e-01 2.283184023936e-02 -1.474227775514e-02
1.533980787886e-01 1.245715120670e-02 -2.029523638453e-03
1.595340019401e-01 1.047996449297e-02 -1.453088057365e-03
1.656699250916e-01 1.349386582151e-03 7.252140216133e-03
1.718058482432e-01 5.599594423051e-03 1.894716925911e-02
1.779417713947e-01 -5.946719655431e-02 1.770109273993e-02
1.840776945463e-01 -9.772541925482e-03 -7.280669031727e-02
1.902136176978e-01 2.803880960957e-02 1.044442429698e-02
1.963495408494e-01 -2.125046421662e-03 -2.614692143077e-02
2.024854640009e-01 2.667600507140e-03 3.334637979686e-02
2.086213871524e-01 7.453954419882e-02 5.106801243870e-04
2.147573103040e-01 2.333708953736e-02 -5.976748388250e-02
2.208932334555e-01 2.547227675642e-03 -1.972795289439e-02
2.270291566071e-01 7.647755135595e-03 -2.559080657332e-02
2.331650797586e-01 1.073684771053e-02 -1.371916268254e-02
2.393010029102e-01 1.267811592945e-02 -1.771290475795e-02
2.454369260617e-01 4.631616278494e-02 -2.312336784974e-04
2.515728492132e-01 -7.056111727452e-03 6.436314123819e-02
2.577087723648e-01 -4.757010408032e-02 -2.089965350695e-02
2.638446955163e-01 2.847459921648e-03 -2.743115332364e-03
2.699806186679e-01 -1.086486805137e-02 -1.627700682086e-02
2.761165418194e-01 -4.912116577864e-02 -2.279391100529e-02
2.822524649710e-01 -3.258610329638e-02 6.985643610797e-02
2.883883881225e-01 4.031969108159e-02 7.815799808466e-03
2.945243112740e-01 -9.474463763931e-03 1.647566108945e-02
3.006602344256e-01 2.952866786536e-02 9.743861062302e-04
3.067961575771e-01 -1.362691365483e-02 1.619646529839e-02
3.129320807287e-01 2.943137381312e-02 1.795148327340e-02
3.190680038802e-01 -6.583106484364e-02 4.361071909984e-02
3.252039270318e-01 -2.487686621950e-02 -5.692570765689e-02
3.313398501833e-01 3.023423782365e-03 -1.182647094399e-02
3.374757733348e-01 4.115195209137e-03 -6.424697789926e-03
3.436116964864e-01 -2.569015423438e-02 -3.563892089305e-02
3.497476196379e-01 -3.961954447324e-02 4.923850692679e-02
3.558835427895e-01 4.403149738362e-02 3.151998733138e-02
3.620194659410e-01 2.082711181184e-02 -5.809493461742e-03
3.681553890926e-01 2.210646423453e-02 2.823929873853e-03
3.742913122441e-01 2.292913092719e-02 -5.384570152554e-03
3.804272353956e-01 2.224941536328e-02 1.745079341506e-03
3.865631585472e-01 4.997010875761e-02 1.985236597407e-02
3.926990816987e-01 -2.016339412514e-02 6.733922137360e-02
3.988350048503e-01 -3.443010034646e-02 -2.546755605067e-02
4.049709280018e-01 2.437572030508e-02 1.628588677977e-03
4.111068511534e-01 -1.902051811665e-02 5.717929471988e-03
4.172427743049e-01 6.967113181876e-02 3.559599825184e-03
4.233786974564e-01 -1.208184846566e-02 -8.122968754000e-02
4.295146206080e-01 -2.601299787180e-02 3.706000197291e-03
4.356505437595e-01 -1.539926510188e-02 -2.000017225626e-02
4.417864669111e-01 -1.179917869956e-02 1.389755918815e-02
4.479223900626e-01 -1.558963572042e-02 -1.195708909290e-02
4.540583132141e-01 -2.085706961186e-02 2.362123089705e-02
4.601942363657e-01 -6.091721176869e-02 -3.928141680717e-02
4.663301595172e-01 2.535248815692e-02 -5.938952964594e-02
4.724660826688e-01 2.285233653302e-02 1.051350540090e-02
4.786020058203e-01 -3.033178336762e-03 -2.120741679540e-02
4.847379289719e-01 2.050665529507e-02 2.857682290133e-02
4.908738521234e-01 6.674576432614e-02 -3.497290535951e-02
4.970097752749e-01 -1.535405057126e-02 -6.403675541904e-02
5.031456984265e-01 -9.459498866571e-03 -4.714043396714e-03
5.092816215780e-01 -9.884909348619e-03 -2.709500661722e-02
5.154175447296e-01 -7.490328825944e-03 7.193727288875e-03
5.215534678811e-01 -1.032000569200e-02 -1.786808565716e-02
5.276893910327e-01 -3.466485323983e-02 2.657470080288e-02
5.338253141842e-01 -6.115870492077e-02 -7.858387398048e-02
5.399612373357e-01 4.251098870057e-02 -3.822489632271e-02
5.460971604873e-01 -1.881295645765e-02 -2.612725754172e-02
5.522330836388e-01 2.859522777639e-02 -1.993386858166e-02
5.583690067904e-01 -2.440259237213e-02 -7.910333051362e-02
5.645049299419e-01 -5.845706562946e-02 1.160363926712e-02
5.706408530935e-01 5.155588075046e-03 7.794896755377e-03
5.767767762450e-01 1.412885469502e-03 -2.287061414683e-03
5.829126993965e-01 6.583553960469e-03 -1.517275403740e-02
5.890486225481e-01 1.149659606890e-02 -1.166967008426e-02
5.951845456996e-01 1.186597974499e-02 -3.508905408753e-02
6.013204688512e-01 7.229179582144e-02 -8.127714588679e-03
6.074563920027e-01 8.187718142789e-03 5.489549446973e-02
6.135923151543e-01 -1.173430228466e-02 -1.198734328139e-02
6.197282383058e-01 8.769521051962e-03 -2.069305651651e-03
6.258641614573e-01 2.654395739482e-02 3.640804447690e-03
6.320000846089e-01 1.661452171810e-02 -8.185636551234e-02
6.381360077604e-01 -6.669258731325e-02 -7.571008037557e-03
6.442719309120e-01 6.651087795711e-03 -7.117646102422e-03
6.504078540635e-01 -2.858329713895e-02 8.161177035087e-04
6.565437772151e-01 1.806318873271e-02 -1.599826583496e-02
6.626797003666e-01 -1.706254296587e-02 -5.023092447382e-03
6.688156235181e-01 5.371371412912e-02 -2.796712787053e-02
6.749515466697e-01 1.353037386211e-02 6.546305184740e-02
6.810874698212e-01 -3.248996392039e-02 8.789279968523e-03
6.872233929728e-01 -2.048862276190e-02 -6.930575501986e-03
6.933593161243e-01 9.211411550863e-03 1.778436694636e-05
6.994952392759e-01 -5.202376243157e-02 -4.766039198076e-02
7.056311624274e-01 -5.757685683736e-02 4.734695084160e-02
7.117670855789e-01 2.560150694686e-03 2.864412847488e-02
7.179030087305e-01 -6.281590280396e-03 1.035487468415e-02
7.240389318820e-01 -6.471987519769e-03 1.249621900877e-02
7.301748550336e-01 -9.114695458238e-03 -1.067639944942e-03
7.363107781851e-01 -2.618171244939e-02 9.275622128495e-03
7.424467013367e-01 -2.791043083813e-02 -5.660433862525e-02
7.485826244882e-01 5.389858154748e-02 -3.539274495412e-02
7.547185476397e-01 1.964012423319e-02 2.423610179542e-02
7.608544707913e-01 -3.685986482614e-04 -2.104483413584e-02
7.669903939428e-01 4.043013193204e-02 2.860353120711e-02
7.731263170944e-01 3.457071545931e-02 -7.554514892217e-02
7.792622402459e-01 -4.358747426358e-02 -2.707348266073e-02
7.853981633974e-01 -1.237759823566e-02 -7.703491888941e-03
7.915340865490e-01 -1.534725732707e-02 -5.917091923473e-03
7.976700097005e-01 -9.420553616846e-03 -1.183181828425e-02
8.038059328521e-01 -1.009382080484e-02 -1.282567375630e-02
8.099418560036e-01 -6.986452201333e-03 -4.578800372425e-02
8.160777791552e-01 7.009710407386e-02 -2.455638294392e-02
8.222137023067e-01 8.242279207928e-03 5.258358696916e-02
8.283496254582e-01 -2.764633365854e-03 -2.425283182583e-02
8.344855486098e-01 1.307900397750e-02 3.186893251651e-02
8.406214717613e-01 2.871830271505e-02 -5.705250490370e-02
8.467573949129e-01 -6.547992701558e-02 -2.228934889695e-02
8.528933180644e-01 -2.215168914613e-02 2.413402279383e-02
8.590292412160e-01 -2.051194026477e-02 1.240916168920e-02
8.651651643675e-01 -8.377138078752e-03 1.573001062761e-02
8.713010875190e-01 -2.271902404307e-02 1.160195305420e-02
8.774370106706e-01 -1.900380948410e-02 1.904230921931e-02
8.835729338221e-01 -6.776130574748e-02 -2.193524561832e-02
8.897088569737e-01 3.440124216265e-02 -6.097471651635e-02
8.958447801252e-01 4.137336147122e-03 3.314605060299e-02
9.019807032768e-01 7.011675367248e-03 -2.226226931432e-02
9.081166264283e-01 -2.809833012951e-02 3.073131179266e-02
9.142525495798e-01 4.420297080757e-02 4.305201063638e-02
9.203884727314e-01 4.906478502301e-02 -2.549428576093e-02
9.265243958829e-01 -8.003883139805e-04 -2.657721859764e-02
9.326603190345e-01 1.222811951194e-02 -9.492589060289e-03
9.387962421860e-01 -5.983744680416e-03 -2.721732402668e-02
9.449321653376e-01 7.436065137454e-03 -8.391388136542e-03
9.510680884891e-01 3.083526959509e-03 -5.891897457727e-02
9.572040116406e-01 8.248556203431e-02 8.394250808672e-03
9.633399347922e-01 -1.139447565132e-02 3.670310252908e-02
9.694758579437e-01 8.411653203547e-03 5.205624417229e-03
9.756117810953e-01 -8.618129583287e-03 -2.679356661675e-03
9.817477042468e-01 -8.684256238367e-03 5.860128563153e-02
9.878836273984e-01 7.674843771651e-02 7.596089408849e-03
9.940195505499e-01 8.149559263541e-03 -3.208725670982e-02
1.000155473701e+00 1.620003125886e-02 -1.372168474582e-02
1.006291396853e+00 -6.157888245508e-03 -1.478861869866e-02
1.012427320005e+00 7.553741584792e-03 -1.869637237710e-02
1.018563243156e+00 -2.047642257627e-02 -1.691660021447e-02
1.024699166308e+00 1.543942735952e-02 -7.599561100178e-02
1.030835089459e+00 7.073964450039e-02 -9.108264750072e-03
1.036971012611e+00 1.484210146153e-02 1.193378689949e-02
1.043106935762e+00 1.191919735441e-02 -1.625167481856e-02
1.049242858914e+00 4.920560784205e-02 5.562789751694e-05
1.055378782065e+00 -3.352256162523e-03 -8.127546017751e-02
1.061514705217e+00 -4.518554609078e-02 1.359641638533e-02
1.067650628368e+00 1.114736580783e-02 1.673408028064e-03
1.073786551520e+00 -4.186119454472e-03 8.984326753720e-03
1.079922474671e+00 2.279837212643e-02 -6.536211523858e-04
1.086058397823e+00 8.730603786025e-03 4.381593588741e-03
1.092194320975e+00 5.198854489240e-02 1.735019978537e-02
1.098330244126e+00 -1.689695049158e-02 7.070173271612e-02
1.104466167278e+00 -3.850634748115e-02 -1.545652743567e-02
1.110602090429e+00 2.024757230685e-02 -5.969590996993e-03
1.116738013581e+00 -1.544746054199e-02 1.135435255283e-02
1.122873936732e+00 6.425678398902e-02 -1.422837102124e-02
1.129009859884e+00 -2.343972248002e-02 -7.466880824576e-02
1.135145783035e+00 -2.831571683153e-02 1.182007688530e-03
1.141281706187e+00 -1.082224426794e-02 -1.268754973279e-02
1.147417629338e+00 -5.885328810163e-03 1.410458559459e-03
1.153553552490e+00 2.467879617300e-03 -6.920965039293e-03
1.159689475642e+00 1.326075585190e-02 -1.164127569625e-03
1.165825398793e+00 2.704200847493e-02 4.269312775346e-02
1.171961321945e+00 -6.730591166639e-02 4.130714572788e-02
1.178097245096e+00 -1.474564076565e-02 -4.393424062503e-02
1.184233168248e+00 -2.013939614485e-02 2.282617460867e-02
1.190369091399e+00 -2.493808482785e-03 -5.349386264067e-02
1.196505014551e+00 -8.537913472970e-02 -1.649484395679e-03
1.202640937702e+00 -1.964722373349e-02 4.433348674090e-02
1.208776860854e+00 -5.836071251207e-03 1.274947014866e-02
1.214912784005e+00 -6.006558311397e-03 7.065304564083e-03
1.221048707157e+00 -1.325973187509e-02 2.350998273556e-03
1.227184630309e+00 -1.122716796781e-02 -3.796180618419e-03
1.233320553460e+00 -3.669003759955e-02 -2.287585541454e-02
1.239456476612e+00 3.466106834949e-02 -7.039250801772e-02
1.245592399763e+00 4.472495055574e-02 3.267246348407e-02
1.251728322915e+00 -7.537190964185e-03 -1.654146593737e-02
1.257864246066e+00 2.072524796195e-02 1.791227712488e-02
1.264000169218e+00 3.850932653825e-02 -3.656307729489e-02
1.270136092369e+00 -3.393411382354e-02 -5.971565148828e-02
1.276272015521e+00 -4.095305739168e-02 1.605081057879e-02
1.282407938672e+00 -4.476465218586e-03 -1.027763311311e-02
1.288543861824e+00 -2.500515625301e-02 9.272846058170e-03
1.294679784975e+00 5.803526479268e-04 -1.847932628642e-02
1.300815708127e+00 -3.027619072419e-02 -5.724568919029e-03
1.306951631279e+00 3.336400092102e-02 -6.687527696433e-02
1.313087554430e+00 4.920225372958e-02 3.954295416997e-02
1.319223477582e+00 -9.644256758384e-03 6.981280153205e-03
1.325359400733e+00 -1.771219896955e-03 1.172530142741e-02
1.331495323885e+00 2.209564983748e-02 -1.957512574776e-02
1.337631247036e+00 -6.656165754539e-02 -2.674140325534e-02
1.343767170188e+00 -2.798794400040e-02 5.850756959040e-02
1.349903093339e+00 -1.572940399758e-03 2.181454149466e-02
1.356039016491e+00 -9.919877480404e-04 2.689158681515e-02
1.362174939642e+00 -6.286360633296e-03 2.073619558388e-02
1.368310862794e+00 -2.396053185476e-03 2.260161377966e-02
1.374446785946e+00 -3.605845266764e-02 3.782771214140e-02
1.380582709097e+00 -5.006478579702e-02 -3.778006066685e-02
1.386718632249e+00 3.186669238898e-02 -2.788608694604e-02
1.392854555400e+00 8.421994653452e-03 1.819598337338e-02
1.398990478552e+00 -6.699727140141e-03 -6.907225184400e-03
1.405126401703e+00 4.933669421885e-02 4.168035895191e-02
1.411262324855e+00 3.575689764617e-02 -7.547184524090e-02
1.417398248006e+00 -3.237196298626e-02 -1.008758221363e-02
1.423534171158e+00 -3.052151349547e-03 -2.274154495056e-02
1.429670094309e+00 -2.276109227193e-02 4.683672552303e-03
1.435806017461e+00 -5.978847896490e-03 -1.998210339852e-02
1.441941940613e+00 -3.148741851986e-02 -2.091820716345e-04
1.448077863764e+00 -3.893953112273e-03 -7.047889909231e-02
1.454213786916e+00 6.146633650139e-02 -7.006517187542e-03
1.460349710067e+00 5.600885676534e-03 2.683462287640e-02
1.466485633219e+00 5.298844799227e-03 -1.317079001394e-02
1.472621556370e+00 2.025157315013e-02 3.759504986793e-02
1.478757479522e+00 5.656138549295e-02 -4.730543882051e-02
1.484893402673e+00 -3.979285267910e-02 -4.227676573502e-02
1.491029325825e+00 -1.355647647082e-02 4.438068241321e-03
1.497165248976e+00 -2.225150137306e-02 -6.774355652669e-03
1.503301172128e+00 -1.148608714334e-02 1.174748403849e-02
1.509437095279e+00 -2.311941343784e-02 -1.574321252508e-04
1.515573018431e+00 -4.005042646449e-02 2.202221575113e-02
1.521708941583e+00 -6.258768219320e-02 -6.355609049332e-02
1.527844864734e+00 4.346530872641e-02 -3.317400101673e-02
1.533980787886e+00 -3.014262129290e-02 5.821547158318e-03
1.540116711037e+00 1.965013463933e-02 -2.825352454898e-02
1.546252634189e+00 -7.172085046731e-02 -8.083284504144e-03
1.552388557340e+00 4.751524702409e-03 6.178653996573e-02
1.558524480492e+00 2.206314918832e-02 1.018579319629e-03
1.564660403643e+00 1.422963038624e-02 -1.832808598520e-03
1.570796326795e+00 4.239968917557e-04 -1.040415103891e-02
1.576932249946e+00 1.076833279996e-02 -1.381620801956e-02
1.583068173098e+00 -7.943400020259e-03 -2.361867134446e-02
1.589204096250e+00 5.306359786198e-02 -4.665031161147e-02
1.595340019401e+00 4.492304383912e-02 4.993564034725e-02
1.601475942553e+00 -2.313806469095e-02 4.840628485478e-03
1.607611865704e+00 9.933152525112e-03 9.029096266323e-03
1.613747788856e+00 -9.607967148009e-03 -2.416001378302e-02
1.619883712007e+00 -6.566955192337e-02 2.472881305113e-02
1.626019635159e+00 2.315494692524e-02 6.499663488309e-02
1.632155558310e+00 8.827949707504e-03 -1.559165122083e-03
1.638291481462e+00 1.700619537815e-02 2.247193528673e-02
1.644427404613e+00 -3.833931180075e-03 -1.118914635860e-02
1.650563327765e+00 1.221986030067e-02 1.150925831217e-02
1.656699250916e+00 -1.405000852147e-02 -4.202994583350e-02
1.662835174068e+00 8.382354820579e-02 -1.522814002588e-02
1.668971097220e+00 1.856465333166e-02 4.906239787337e-02
1.675107020371e+00 1.652439669457e-02 1.613542128443e-02
1.681242943523e+00 1.016624621956e-03 1.278071991555e-02
1.687378866674e+00 3.107335711081e-02 6.592549407734e-02
1.693514789826e+00 7.748406556307e-02 -1.953188536984e-02
1.699650712977e+00 1.270788937513e-03 -2.292315912910e-02
1.705786636129e+00 1.355047796275e-02 -2.101818113091e-04
1.711922559280e+00 6.205180618691e-03 -2.352514410246e-04
1.718058482432e+00 1.055452723907e-02 1.260287946143e-02
1.724194405583e+00 1.942909481256e-02 1.465527588919e-02
1.730330328735e+00 -1.276600053065e-02 6.470981733513e-02
1.736466251887e+00 -6.471132653407e-02 -8.420853907230e-03
1.742602175038e+00 6.970160181332e-03 -2.221786761021e-02
1.748738098190e+00 -4.800029467828e-03 1.642418694964e-02
1.754874021341e+00 -2.802471268710e-02 -1.620587369653e-02
1.761009944493e+00 -1.456537182186e-04 8.401179573341e-02
1.767145867644e+00 6.736081826806e-02 -1.112126256311e-02
1.773281790796e+00 5.789551745272e-03 2.371180457145e-03
1.779417713947e+00 2.611511301764e-02 -1.372714773158e-02
1.785553637099e+00 3.871756440344e-03 1.312160503560e-02
1.791689560250e+00 2.070100443277e-02 -3.849960531298e-03
1.797825483402e+00 4.497477861312e-03 4.684210165991e-02
1.803961406554e+00 -5.318651667434e-02 1.296262835221e-02
1.810097329705e+00 -1.882743434029e-02 -4.597805744774e-02
1.816233252857e+00 2.879033380495e-02 2.187780982485e-04
1.822369176008e+00 -2.560414435475e-02 -1.035574423851e-02
1.828505099160e+00 5.516035435119e-02 2.925384291761e-02
1.834641022311e+00 3.832321462331e-02 -6.743411951249e-02
1.840776945463e+00 -1.678222894663e-02 -3.739446508342e-02
1.846912868614e+00 -5.318623075628e-03 -2.172338267300e-02
1.853048791766e+00 -7.609446605068e-03 -2.168724610671e-02
1.859184714917e+00 -9.611376171148e-05 -1.951434823382e-02
1.865320638069e+00 -1.022395380756e-03 -3.174835898894e-02
1.871456561220e+00 4.981497995367e-02 -3.056713395751e-02
1.877592484372e+00 3.247133291187e-02 5.559351045986e-02
1.883728407524e+00 -4.250057968908e-02 2.085551579301e-03
1.889864330675e+00 2.207038873192e-02 5.079227159565e-03
1.896000253827e+00 -4.636742821214e-02 -8.741683418806e-03
1.902136176978e+00 -5.904758595387e-03 6.429177504311e-02
1.908272100130e+00 4.994767264116e-02 1.974262500487e-02
1.914408023281e+00 2.117246086911e-02 -1.809001885233e-02
1.920543946433e+00 1.431904855220e-02 2.224383638270e-03
1.926679869584e+00 1.857520270201e-02 -1.877310478353e-02
1.932815792736e+00 1.374922887117e-02 4.495110373183e-03
1.938951715887e+00 4.683662116970e-02 -1.508595813475e-02
1.945087639039e+00 1.586844898178e-02 8.190714222370e-02
1.951223562191e+00 -5.266942006128e-02 -8.084625728379e-03
1.957359485342e+00 1.115520965103e-02 1.109906085566e-02
1.963495408494e+00 -2.249719184949e-02 -1.420703346615e-02
1.969631331645e+00 -1.223479644183e-02 5.506156252531e-02
1.975767254797e+00 6.692120648057e-02 3.733712965536e-03
1.981903177948e+00 9.203811642103e-03 -3.718238403528e-02
1.988039101100e+00 7.306040411008e-03 -2.063663776426e-02
1.994175024251e+00 -5.687667298073e-03 -1.970314199391e-02
2.000310947403e+00 3.580826846247e-03 -2.647635040104e-02
2.006446870554e+00 -1.267468286298e-02 -2.568598743772e-02
2.012582793706e+00 3.542313134127e-02 -7.034778863013e-02
2.018718716858e+00 6.232472672015e-02 2.633984107295e-02
2.024854640009e+00 -1.307333303436e-02 2.330743607110e-03
2.030990563161e+00 1.099038301343e-02 -4.638870023719e-03
2.037126486312e+00 1.865520803700e-02 -2.330122977944e-02
2.043262409464e+00 -4.874499868960e-02 -4.354177326536e-02
2.049398332615e+00 -3.278472073365e-02 5.231551759845e-02
2.055534255767e+00 2.144299996997e-02 4.352055993008e-03
2.061670178918e+00 -3.527242062130e-03 1.719919249622e-02
2.067806102070e+00 2.661232909625e-02 -5.008217067567e-03
2.073942025221e+00 2.734646474601e-03 8.601750316847e-03
2.080077948373e+00 5.563434278038e-02 8.378084701906e-04
2.086213871524e+00 -3.951808473203e-03 7.655113028219e-02
2.092349794676e+00 -3.996576106925e-02 -3.027363510888e-03
2.098485717828e+00 -3.686243320507e-03 -1.038504248768e-02
2.104621640979e+00 2.867194565259e-03 8.558381032330e-03
2.110757564131e+00 -1.612744210374e-02 -5.547668971584e-02
2.116893487282e+00 -7.299123973563e-02 2.706468243183e-02
2.123029410434e+00 7.321699395748e-03 3.565623762652e-02
2.129165333585e+00 -4.674444531776e-03 1.183008451207e-02
2.135301256737e+00 7.909708768087e-03 9.750338609660e-03
2.141437179888e+00 4.486194559513e-03 2.168008864793e-03
2.147573103040e+00 1.164235152483e-02 -6.777725089114e-03
2.153709026191e+00 5.693121420187e-02 1.756835179799e-03
2.159844949343e+00 2.072560467545e-02 8.118093231441e-02
2.165980872495e+00 -3.835010462445e-02 1.500617686133e-02
2.172116795646e+00 2.435499670487e-02 2.168123924479e-02
2.178252718798e+00 -4.295008964164e-02 3.021963359842e-02
2.184388641949e+00 6.056918715019e-02 6.966167283470e-02
2.190524565101e+00 3.393655129188e-02 -3.303176104645e-02
2.196660488252e+00 4.226670362253e-03 5.377555047794e-03
2.202796411404e+00 -3.097509460840e-04 -7.337471286652e-03
2.208932334555e+00 2.590363631166e-03 1.898818582681e-02
2.215068257707e+00 -4.470659362925e-03 5.950417662366e-03
2.221204180858e+00 -8.019541281257e-03 4.808617583513e-02
2.227340104010e+00 -7.775719108044e-02 -2.023962021573e-03
2.233476027161e+00 4.869423022176e-03 -4.912049406525e-02
2.239611950313e+00 -1.692361453291e-03 1.958621713500e-02
2.245747873465e+00 -5.655255007422e-03 -2.220778621214e-02
2.251883796616e+00 -3.642217147219e-02 4.177546554263e-02
2.258019719768e+00 5.544873126717e-02 4.753673033086e-02
2.264155642919e+00 3.183685652747e-02 -2.628384564924e-02
2.270291566071e+00 1.162636998823e-02 4.510441921851e-03
2.276427489222e+00 1.388453864178e-02 -1.346131920503e-02
2.282563412374e+00 4.772104223589e-03 1.509644586163e-02
2.288699335525e+00 1.394429049470e-02 2.266156571558e-03
2.294835258677e+00 -3.455097895166e-02 5.130499971643e-02
2.300971181828e+00 -5.034826570320e-02 -6.148335592923e-02
2.307107104980e+00 3.412927068138e-02 -9.869490852064e-03
2.313243028132e+00 -1.090652742669e-02 -2.324124286771e-02
2.319378951283e+00 2.242003045532e-02 2.025760596329e-02
2.325514874435e+00 5.630567113489e-02 -5.040303203053e-02
2.331650797586e+00 -2.378527042748e-02 -6.159296673707e-02
2.337786720738e+00 -1.840984306942e-02 -1.481354220049e-02
2.343922643889e+00 -9.239190132103e-03 -1.895513838516e-02
2.350058567041e+00 -9.707933444239e-03 -1.776778604950e-02
2.356194490192e+00 -1.055104453558e-03 -1.722897668809e-02
2.362330413344e+00 5.128684415537e-03 -4.476256587798e-02
2.368466336495e+00 7.192324607886e-02 6.807836920201e-03
2.374602259647e+00 -1.711692548684e-02 4.877159159274e-02
2.380738182799e+00 -3.009749645711e-03 -5.158128745729e-03
2.386874105950e+00 -5.730698947859e-03 7.140827769204e-03
2.393010029102e+00 -1.744834564715e-02 4.223723374670e-02
2.399145952253e+00 7.771469180931e-02 2.095582534534e-02
2.405281875405e+00 5.765148300903e-03 -5.106282115432e-02
2.411417798556e+00 1.635118281362e-02 -9.578581637382e-04
2.417553721708e+00 -4.934497222984e-03 -3.353012033705e-02
2.423689644859e+00 1.880134360126e-02 -4.265632281292e-04
2.429825568011e+00 2.288136666702e-03 -3.821125808648e-02
2.435961491162e+00 6.894051449274e-02 1.026325824530e-02
2.442097414314e+00 -4.659316984826e-03 5.199211905398e-02
2.448233337465e+00 -2.304055153593e-02 8.115486354633e-03
2.454369260617e+00 5.357301738416e-03 -1.155432294259e-02
2.460505183769e+00 -8.924803116322e-03 3.867247487947e-02
2.466641106920e+00 6.450534116916e-02 -2.920589993517e-02
2.472777030072e+00 -2.832608987249e-02 -5.445737520845e-02
2.478912953223e+00 -2.281890013624e-02 -1.167579164305e-02
2.485048876375e+00 -2.280098888341e-02 -1.064982797338e-02
2.491184799526e+00 -2.255164073120e-02 -8.495512515863e-03
2.497320722678e+00 -2.317820018717e-02 -7.151978183274e-03
2.503456645829e+00 -4.633632466317e-02 -2.436187618502e-02
2.509592568981e+00 1.185629770219e-03 -7.181991053379e-02
2.515728492132e+00 4.694774176196e-02 1.547874653648e-03
2.521864415284e+00 -2.894774440133e-02 1.008554463475e-02
2.528000338436e+00 1.791606705277e-02 -2.320015065129e-02
2.534136261587e+00 -6.455684703329e-02 1.906453602619e-02
2.540272184739e+00 3.692252506038e-02 5.612687454404e-02
2.546408107890e+00 2.723011421173e-02 -1.296781633743e-02
2.552544031042e+00 1.571736811389e-02 -1.072760705535e-02
2.558679954193e+00 2.656063535176e-03 -1.381474841562e-02
2.564815877345e+00 9.842102930397e-03 -1.942407352712e-02
2.570951800496e+00 -2.315175430408e-03 -2.227674697813e-02
2.577087723648e+00 4.805174304549e-02 -4.664596032359e-02
2.583223646799e+00 5.051838912736e-02 5.191803102397e-02
2.589359569951e+00 -3.349709560429e-02 9.994234644637e-03
2.595495493103e+00 2.114833823474e-02 6.772318594578e-03
2.601631416254e+00 -3.885478432635e-02 -1.983140476938e-03
2.607767339406e+00 1.133423049341e-02 7.144270159944e-02
2.613903262557e+00 5.911797021489e-02 -9.350904743744e-03
2.620039185709e+00 5.465215402906e-03 -1.439783183982e-02
2.626175108860e+00 1.412312903809e-02 -1.694505468262e-02
2.632311032012e+00 -7.584834086845e-03 -8.201656851754e-03
2.638446955163e+00 3.175147723043e-03 -2.015591922890e-02
2.644582878315e+00 -3.178166637019e-02 -2.102799820567e-02
2.650718801466e+00 2.887501096753e-02 -8.978551972510e-02
2.656854724618e+00 6.054256598502e-02 1.516178257920e-02
2.662990647769e+00 -3.925520531571e-04 -2.305431965638e-02
2.669126570921e+00 2.849077165513e-02 5.356430130371e-03
2.675262494073e+00 3.547455987470e-02 -5.488736423240e-02
2.681398417224e+00 -4.304920692018e-02 -4.744135626269e-02
2.687534340376e+00 -2.290986246590e-02 1.836483177296e-02
2.693670263527e+00 8.646854634704e-03 -4.204922707367e-03
2.699806186679e+00 -3.174860798631e-03 -5.581676154619e-04
2.705942109830e+00 2.136568235015e-02 -8.529582460430e-03
2.712078032982e+00 6.758322548952e-03 -1.576951844320e-02
2.718213956133e+00 7.249441419127e-02 4.619408220360e-03
2.724349879285e+00 -1.049784467624e-02 6.688354957590e-02
2.730485802436e+00 -1.458294755684e-02 -1.229072714241e-02
2.736621725588e+00 -1.569943450146e-04 6.144527663230e-04
2.742757648740e+00 2.086218684518e-02 7.176945881572e-03
2.748893571891e+00 1.014623765133e-02 -7.153527487141e-02
2.755029495043e+00 -6.885336668930e-02 -8.198977517247e-03
2.761165418194e+00 -6.227237440949e-03 7.644589673056e-03
2.767301341346e+00 -2.301663254580e-02 3.761386049989e-03
2.773437264497e+00 1.422630219755e-03 -6.216784793300e-03
2.779573187649e+00 -1.198221645985e-02 -1.993477620685e-03
2.785709110800e+00 1.809838368181e-02 -3.329593856649e-02
2.791845033952e+00 5.416135959395e-02 2.837494561593e-02
2.797980957103e+00 -1.839566040181e-02 5.303121601300e-02
2.804116880255e+00 -2.504054664415e-02 -1.439567746751e-03
2.810252803406e+00 7.195333171400e-03 1.474894385268e-02
2.816388726558e+00 -6.513130633010e-02 -2.038317185337e-03
2.822524649710e+00 1.607109279790e-04 9.094998065202e-02
2.828660572861e+00 3.296929149254e-02 6.001029540207e-03
2.834796496013e+00 5.669144897921e-03 2.143988986539e-02
2.840932419164e+00 1.141613786333e-02 1.554662687834e-03
2.847068342316e+00 -3.292109922015e-03 2.132776594042e-02
2.853204265467e+00 5.213267103779e-03 1.458609777849e-02
2.859340188619e+00 -4.878112619276e-02 3.994780651818e-02
2.865476111770e+00 -4.624751570047e-02 -5.816309435283e-02
2.871612034922e+00 3.004882285665e-02 -1.792257495662e-02
2.877747958073e+00 -2.272506862704e-02 -8.460160279471e-04
2.883883881225e+00 2.382116717615e-02 -3.171731109737e-02
2.890019804377e+00 -7.609888864564e-02 -2.251616325924e-02
2.896155727528e+00 -1.282537607791e-02 6.100817855275e-02
2.902291650680e+00 6.569655506914e-03 1.049331072953e-02
2.908427573831e+00 4.238306238851e-03 2.192991398974e-02
2.914563496983e+00 1.866581075299e-03 8.168331469028e-03
2.920699420134e+00 -2.473215420437e-03 1.988389066061e-02
2.926835343286e+00 -1.618261209783e-02 2.868118666144e-02
2.932971266437e+00 -6.934888353255e-02 -1.160778480387e-02
2.939107189589e+00 2.172699342977e-02 -6.260158562325e-02
2.945243112740e+00 -3.680201930895e-04 2.644349944799e-02
2.951379035892e+00 4.663376604486e-03 -3.737683625237e-02
2.957514959044e+00 -3.904646431238e-02 3.537587773240e-02
2.963650882195e+00 4.855211065629e-02 4.079875502626e-02
2.969786805347e+00 4.174076877231e-02 -1.895446513919e-02
2.975922728498e+00 1.738855663090e-02 -1.744773302734e-02
2.982058651650e+00 1.789657394671e-02 -1.513100766254e-02
2.988194574801e+00 1.856421183136e-02 -1.906074412960e-02
2.994330497953e+00 2.117218113925e-02 -1.903007993398e-02
3.000466421104e+00 6.410853455557e-02 -5.150492676104e-03
3.006602344256e+00 -1.544995484630e-03 6.901164714433e-02
3.012738267407e+00 -2.722443696249e-02 -2.972921470347e-02
3.018874190559e+00 8.861820308126e-03 1.257820433311e-02
3.025010113710e+00 3.769208304222e-03 -3.370338498580e-02
3.031146036862e+00 -4.816160445210e-02 -2.691054069219e-02
3.037281960014e+00 -3.773544841032e-02 5.074333905179e-02
3.043417883165e+00 2.891637974063e-02 1.382715137103e-02
3.049553806317e+00 -9.226912754953e-03 1.348529740489e-02
3.055689729468e+00 3.142016127780e-02 4.268676136106e-03
3.061825652620e+00 -5.330557583103e-03 1.000976717252e-02
3.067961575771e+00 5.186144092091e-02 1.757845926473e-02
3.074097498923e+00 -3.836542798248e-02 7.092662495138e-02
3.080233422074e+00 -3.642529601029e-02 -2.339104389512e-02
3.086369345226e+00 -1.166167136556e-02 -5.166488618655e-03
3.092505268377e+00 4.612500358349e-03 -5.765986058159e-03
3.098641191529e+00 -5.476305177426e-02 -2.646877798524e-02
3.104777114681e+00 -1.918410673562e-02 6.985289455215e-02
3.110913037832e+00 3.342296051787e-02 7.886805083875e-03
3.117048960984e+00 1.362977296893e-02 4.317875899506e-03
3.123184884135e+00 1.151217220158e-02 -1.011952004418e-02
3.129320807287e+00 1.603112511691e-02 -7.036389191612e-03
3.135456730438e+00 6.587193956376e-03 -2.291115131699e-02
3.141592653590e+00 6.132798774847e-02 -3.015040553621e-02
3.147728576741e+00 5.190235153834e-02 4.910657402966e-02
3.153864499893e+00 -1.281918046505e-02 2.308375482235e-02
3.160000423044e+00 1.942788396126e-02 -1.136942243213e-02
3.166136346196e+00 1.891650664527e-02 3.492745070474e-02
3.172272269348e+00 5.414782298864e-02 -6.161955948120e-02
3.178408192499e+00 -5.248001889703e-02 -2.553788055370e-02
3.184544115651e+00 1.307960901983e-03 7.186823345944e-03
3.190680038802e+00 -1.473831922184e-02 5.043882221386e-03
3.196815961954e+00 1.598817300333e-02 5.633274301991e-03
3.202951885105e+00 -1.085676697202e-03 8.635636480643e-03
3.209087808257e+00 3.901863764795e-02 1.979454284158e-02
3.215223731408e+00 -2.501827922063e-02 7.038251152267e-02
3.221359654560e+00 -5.041501765710e-02 -1.679763337942e-02
3.227495577711e+00 1.542358731381e-02 -9.876493273778e-03
3.233631500863e+00 -2.065459477654e-02 7.753796561935e-03
3.239767424014e+00 4.996468664060e-02 -1.536015657251e-02
3.245903347166e+00 -3.367153344645e-02 -7.346523781656e-02
3.252039270318e+00 -4.328850859892e-02 1.118938028514e-02
3.258175193469e+00 -1.298778576368e-02 -7.663745530290e-03
3.264311116621e+00 -1.642903004777e-02 8.985110412037e-03
3.270447039772e+00 4.131203905507e-04 -9.628603907487e-03
3.276582962924e+00 -3.122847823746e-03 5.638712869398e-04
3.282718886075e+00 4.678615936090e-02 2.679656014666e-03
3.288854809227e+00 -1.741387447783e-02 8.811338674072e-02
3.294990732378e+00 -4.974949925075e-02 -1.731052062168e-02
3.301126655530e+00 -1.190205096893e-03 3.435236385811e-02
3.307262578681e+00 -4.173598150834e-02 -2.566647229724e-02
3.313398501833e+00 -5.046967139684e-02 7.272660664668e-02
3.319534424985e+00 3.105137201200e-02 4.049452277544e-02
3.325670348136e+00 1.014612068040e-02 1.101056864124e-02
3.331806271288e+00 9.947729260021e-04 4.739365421492e-03
3.337942194439e+00 -8.627966116461e-04 1.742389720697e-02
3.344078117591e+00 -1.058541395491e-02 6.230109173001e-03
3.350214040742e+00 -1.749966065554e-02 4.044116598424e-02
3.356349963894e+00 -7.947930253064e-02 -2.224728697467e-02
3.362485887045e+00 1.646485738687e-02 -4.975979584711e-02
3.368621810197e+00 -1.039394295322e-02 5.710491610602e-03
3.374757733348e+00 3.805389301378e-03 -1.235162852417e-02
3.380893656500e+00 -4.076817541023e-02 -2.934628677067e-02
3.387029579651e+00 -4.652205120200e-02 6.302265917536e-02
3.393165502803e+00 3.744435697909e-02 2.625432793178e-02
3.399301425955e+00 -4.882923477269e-03 1.419497730617e-02
3.405437349106e+00 2.139124839413e-02 7.600451528890e-03
3.411573272258e+00 -1.171193487433e-02 1.833764936479e-02
3.417709195409e+00 1.601608623387e-02 1.489581846458e-02
3.423845118561e+00 -5.443319006361e-02 4.456710018898e-02
3.429981041712e+00 -3.688111270955e-02 -5.683604119494e-02
3.436116964864e+00 1.748060334509e-02 -8.943923894782e-03
3.442252888015e+00 3.556873544856e-03 -5.698820743633e-03
3.448388811167e+00 -2.076976787177e-02 4.980825281224e-03
3.454524734318e+00 4.674593597047e-02 4.321333379285e-02
3.460660657470e+00 4.810923783433e-02 -5.232736690456e-02
3.466796580622e+00 -7.677113243777e-03 -2.732476029950e-02
3.472932503773e+00 7.170706088730e-03 -2.414022838950e-02
3.479068426925e+00 -6.225193789870e-03 -2.323080135031e-02
3.485204350076e+00 6.415102946741e-03 -1.975755673755e-02
3.491340273228e+00 9.233261402181e-03 -4.398444177303e-02
3.497476196379e+00 6.776391452522e-02 8.158053896743e-03
3.503612119531e+00 -1.772096621620e-02 4.750067782855e-02
3.509748042682e+00 -1.842445979459e-02 -1.333845527491e-02
3.515883965834e+00 6.422531888720e-03 6.818068302475e-03
3.522019888985e+00 -5.681822817281e-02 -8.558402121181e-03
3.528155812137e+00 1.060684502344e-02 8.124983283127e-02
3.534291735289e+00 4.067986809799e-02 -1.399655244360e-02
3.540427658440e+00 1.060282437465e-02 7.422133952451e-03
3.546563581592e+00 1.531650400615e-02 -2.006378036355e-02
3.552699504743e+00 1.092763286366e-02 1.593571922099e-03
3.558835427895e+00 1.707477974447e-02 -2.481828514444e-02
3.564971351046e+00 5.417555908776e-02 9.926046078157e-03
3.571107274198e+00 8.738941921393e-03 6.366404373753e-02
3.577243197349e+00 -4.527486763097e-02 4.960707705219e-03
3.583379120501e+00 2.150772787513e-02 2.627701884314e-03
3.589515043652e+00 -4.606761472354e-02 1.712452706230e-02
3.595650966804e+00 4.739401293376e-02 5.083156831582e-02
3.601786889955e+00 3.516012578078e-02 -3.860974991927e-02
3.607922813107e+00 -6.639025084523e-03 -2.322103698923e-02
3.614058736259e+00 -7.378562360085e-03 -1.697347088190e-02
3.620194659410e+00 -1.368151158296e-02 -1.363012657998e-02
3.626330582562e+00 -1.604490303073e-02 -1.539615138690e-02
3.632466505713e+00 -3.517549338927e-02 -2.419130799367e-02
3.638602428865e+00 -9.423481338512e-04 -8.085201635360e-02
3.644738352016e+00 6.052249682740e-02 -2.411659379667e-03
3.650874275168e+00 -2.904347816245e-02 -2.459616928739e-03
3.657010198319e+00 2.871661883798e-02 -1.575322475030e-02
3.663146121471e+00 -4.603924677507e-02 -3.666056810789e-02
3.669282044622e+00 -3.836636262769e-02 3.947243995970e-02
3.675417967774e+00 2.126411487365e-02 3.127287093568e-02
3.681553890926e+00 1.183883314032e-02 -1.055389589351e-02
3.687689814077e+00 5.530437305682e-03 5.932260525418e-03
3.693825737229e+00 9.791713128404e-03 -2.414313567764e-02
3.699961660380e+00 -1.136541771229e-03 -6.434807910934e-03
3.706097583532e+00 4.312725038578e-02 -5.660203780909e-02
3.712233506683e+00 5.647669130828e-02 5.612506889306e-02
3.718369429835e+00 -2.751238618001e-02 6.266438223384e-03
3.724505352986e+00 9.639335341554e-03 1.490142951512e-02
3.730641276138e+00 -1.292631156799e-02 -2.343452296348e-02
3.736777199289e+00 -5.362202561025e-02 4.360865389674e-02
3.742913122441e+00 3.820385378708e-02 5.213564031771e-02
3.749049045593e+00 1.779797408485e-02 -9.275123751310e-04
3.755184968744e+00 1.763666505232e-02 4.000003707423e-03
3.761320891896e+00 -2.485759504551e-04 -1.576592628164e-03
3.767456815047e+00 7.967155194801e-03 -5.935590622291e-03
3.773592738199e+00 -2.673297697244e-02 -9.985869020147e-03
3.779728661350e+00 2.122509645518e-02 -7.701461160657e-02
3.785864584502e+00 6.674177759102e-02 5.253301614114e-03
3.792000507653e+00 1.373497329028e-02 1.253862757905e-03
3.798136430805e+00 2.005972382078e-02 -3.553787099324e-03
3.804272353956e+00 5.787155934061e-02 4.173959483015e-03
3.810408277108e+00 2.153201506970e-02 -8.304509614990e-02
3.816544200259e+00 -3.825136255229e-02 -7.092312420921e-03
3.822680123411e+00 1.291625339726e-02 -1.253163315284e-02
3.828816046563e+00 -1.146573419105e-02 -3.381160952096e-03
3.834951969714e+00 2.370454271347e-02 -1.288549070838e-02
3.841087892866e+00 5.373292965068e-04 -1.440203999670e-02
3.847223816017e+00 7.123366790567e-02 -1.045476203981e-02
3.853359739169e+00 1.134051896921e-02 6.790653296143e-02
3.859495662320e+00 -2.122839885110e-02 3.263246070478e-03
3.865631585472e+00 1.143155187414e-02 -4.731111988312e-03
3.871767508623e+00 2.128846514926e-03 2.605272219601e-02
3.877903431775e+00 6.201203477080e-02 -3.579440089336e-02
3.884039354926e+00 -3.704286853930e-02 -5.931266127211e-02
3.890175278078e+00 -1.825342525836e-02 9.308426139540e-04
3.896311201230e+00 -1.603317530880e-02 -1.592729575723e-02
3.902447124381e+00 -8.069225847111e-03 -4.459701519547e-03
3.908583047533e+00 -6.454762000920e-03 -1.806646703223e-02
3.914718970684e+00 2.247559935286e-03 -2.995830503017e-02
3.920854893836e+00 6.190178091378e-02 -1.260054752644e-02
3.926990816987e+00 1.029793535293e-03 6.532252373752e-02
3.933126740139e+00 -2.641035217647e-02 -2.040658274843e-02
3.939262663290e+00 1.442204782697e-02 2.647347208209e-02
3.945398586442e+00 -3.955043641257e-02 -4.684387723972e-02
3.951534509593e+00 -5.275063081104e-02 6.840539671631e-02
3.957670432745e+00 2.329834081014e-02 3.072998475712e-02
3.963806355896e+00 4.422268633920e-03 2.548282735061e-02
3.969942279048e+00 1.375242233919e-02 6.937326838693e-03
3.976078202200e+00 1.713532255660e-03 2.491205426590e-02
3.982214125351e+00 1.109883074498e-02 1.188507306216e-02
3.988350048503e+00 -2.647710879411e-02 5.676408170864e-02
3.994485971654e+00 -6.430338298405e-02 -3.745719977805e-02
4.000621894806e+00 2.801866209564e-02 -2.747263870958e-02
4.006757817957e+00 -1.829207716535e-02 -2.720678087088e-03
4.012893741109e+00 2.886208719069e-02 -1.562259232170e-02
4.019029664260e+00 -3.481521637295e-02 -6.036718075048e-02
4.025165587412e+00 -5.901930953510e-02 3.004932237519e-02
4.031301510563e+00 6.026415145922e-03 2.094477919475e-02
4.037437433715e+00 -1.463278245456e-02 1.552265446560e-02
4.043573356867e+00 1.037111713223e-02 1.386179006921e-02
4.049709280018e+00 -1.520342909726e-02 1.564384807213e-02
4.055845203170e+00 6.005242591842e-03 3.377668946146e-02
4.061981126321e+00 -8.442307123013e-02 1.676765371992e-02
4.068117049473e+00 -1.071504602158e-03 -6.503445762533e-02
4.074252972624e+00 -7.128960398698e-03 1.093614347275e-02
4.080388895776e+00 4.297223921149e-03 -2.560343986161e-02
4.086524818927e+00 -4.899279965850e-02 -7.420385913722e-03
4.092660742079e+00 -4.490511250113e-03 5.842444881566e-02
4.098796665230e+00 4.488267249930e-02 4.462510162243e-03
4.104932588382e+00 1.251652277446e-02 -1.315585519160e-02
4.111068511534e+00 1.691959200246e-02 -8.931457543223e-03
4.117204434685e+00 1.411285041095e-02 -2.109534729502e-02
4.123340357837e+00 1.343004732872e-02 -1.763111624004e-02
4.129476280988e+00 5.877924232366e-02 -3.307279994534e-02
4.135612204140e+00 3.750895690040e-02 6.234100019240e-02
4.141748127291e+00 -2.731596786921e-02 -2.857810297625e-03
4.147884050443e+00 1.105320832779e-02 -3.460707471485e-03
4.154019973594e+00 1.312980607486e-02 -5.620622984047e-03
4.160155896746e+00 -1.657473263988e-02 -6.235621188492e-02
4.166291819897e+00 -6.722187440342e-02 3.073289162345e-02
4.172427743049e+00 2.031880379554e-02 1.683733344717e-02
4.178563666200e+00 -1.692861520068e-02 1.226295343789e-02
4.184699589352e+00 2.636256245296e-02 2.003276541408e-03
4.190835512504e+00 -6.970272973243e-03 6.431610017771e-03
4.196971435655e+00 4.903471738816e-02 -4.941863359397e-04
4.203107358807e+00 4.655912659880e-03 6.784544739186e-02
4.209243281958e+00 -4.426500496126e-02 1.940326498193e-02
4.215379205110e+00 -1.803904303799e-02 -2.097552544246e-02
4.221515128261e+00 3.614396048202e-03 1.702329870518e-02
4.227651051413e+00 -3.967703471554e-02 -4.917545103512e-02
4.233786974564e+00 -5.650054857755e-02 5.650200149244e-02
4.239922897716e+00 1.736155767861e-02 2.952495727594e-02
4.246058820867e+00 5.726405431569e-03 1.138143369889e-02
4.252194744019e+00 4.718951615543e-03 1.178846017424e-03
4.258330667171e+00 4.463921802701e-03 -2.064626638838e-03
4.264466590322e+00 -3.270048231975e-03 -1.216996677635e-02
4.270602513474e+00 2.347795132584e-02 -4.350882348077e-02
4.276738436625e+00 7.790714545558e-02 8.853665167534e-03
4.282874359777e+00 -4.723479181413e-04 5.126167745137e-02
4.289010282928e+00 1.824165565540e-02 -2.093318513070e-02
4.295146206080e+00 1.384955266544e-02 4.925428031389e-02
4.301282129231e+00 6.891804711388e-02 -4.040569088920e-02
4.307418052383e+00 -2.335249557776e-02 -4.153155780413e-02
4.313553975534e+00 -1.266755967322e-02 -4.628654159316e-03
4.319689898686e+00 -3.487524292480e-03 4.172907286355e-03
4.325825821838e+00 3.030909794652e-03 -6.426465360358e-03
4.331961744989e+00 1.038612049727e-02 8.121942749726e-03
4.338097668141e+00 2.838014255453e-02 -1.060881519788e-02
4.344233591292e+00 3.738409037234e-02 7.089577616098e-02
4.350369514444e+00 -6.078797150403e-02 2.449403779004e-02
4.356505437595e+00 1.471399978778e-02 -9.565679616396e-03
4.362641360747e+00 -2.446854982588e-02 1.223741446865e-02
4.368777283898e+00 4.664015882584e-02 9.092032069940e-03
4.374913207050e+00 -5.341494366517e-03 -7.416925589043e-02
4.381049130201e+00 -4.928014759504e-02 -3.250484038363e-03
4.387185053353e+00 -1.603155956517e-02 -8.030145821937e-03
4.393320976504e+00 -2.187506647498e-02 6.704394338356e-03
4.399456899656e+00 -7.065897478109e-03 -1.489942974228e-02
4.405592822808e+00 -1.378740362051e-02 -9.189514991789e-04
4.411728745959e+00 3.083153394898e-02 -4.012217171433e-02
4.417864669111e+00 4.044406810277e-02 6.896589852223e-02
4.424000592262e+00 -4.633092719294e-02 1.491737075676e-02
4.430136515414e+00 1.347136932949e-03 2.193268187968e-02
4.436272438565e+00 -2.608934307480e-02 -1.161738394864e-02
4.442408361717e+00 -5.761033551796e-02 4.533437153973e-02
4.448544284868e+00 1.771407740258e-02 6.829453887605e-02
4.454680208020e+00 2.440748984949e-02 8.487807650646e-03
4.460816131171e+00 -8.211533238255e-05 1.895348800224e-02
4.466952054323e+00 1.573061578142e-02 1.161533395495e-02
4.473087977475e+00 -7.366453380870e-03 1.897711885297e-02
4.479223900626e+00 1.963810955003e-02 3.554555102790e-02
4.485359823778e+00 -6.915043611082e-02 4.755472297055e-02
4.491495746929e+00 -3.124942257227e-02 -4.388823593106e-02
4.497631670081e+00 -2.965173452802e-03 -2.287901027394e-03
4.503767593232e+00 -7.492311620616e-03 1.294069843616e-03
4.509903516384e+00 -2.913288537196e-02 -3.745398894494e-02
4.516039439535e+00 -6.472604531664e-02 5.484659094122e-02
4.522175362687e+00 2.946202687145e-02 3.884905160414e-02
4.528311285838e+00 -2.219909419307e-03 1.617547202778e-02
4.534447208990e+00 1.732446714113e-02 1.234359850783e-02
4.540583132141e+00 -9.718434826604e-04 1.930257384010e-02
4.546719055293e+00 1.800245326320e-02 1.439886891197e-02
4.552854978445e+00 -4.878974453451e-03 6.364996404162e-02
4.558990901596e+00 -6.792596465786e-02 1.774816551470e-02
4.565126824748e+00 -1.508476663004e-02 -2.980102687572e-02
4.571262747899e+00 3.084060274167e-03 1.770667190493e-02
4.577398671051e+00 -3.708725515745e-02 -5.131326653471e-03
4.583534594202e+00 2.798180434796e-02 6.425516619814e-02
4.589670517354e+00 4.639950745183e-02 -4.345110393497e-02
4.595806440505e+00 -1.558849603150e-02 -1.905280120839e-02
4.601942363657e+00 -1.694627274218e-03 -2.210758465807e-02
4.608078286808e+00 -2.077934188515e-02 -1.090072445509e-02
4.614214209960e+00 -7.107665318200e-03 -2.011940525290e-02
4.620350133112e+00 -2.966835082429e-02 -2.942821441425e-02
4.626486056263e+00 3.910113320479e-02 -5.859451197088e-02
4.632621979415e+00 3.729533238054e-02 3.979963036736e-02
4.638757902566e+00 -3.158902665717e-02 2.973391550028e-03
4.644893825718e+00 1.655433888749e-02 2.418708174333e-03
4.651029748869e+00 -5.810933680746e-02 -3.978606400677e-03
4.657165672021e+00 1.116639635225e-03 7.703696226721e-02
4.663301595172e+00 4.012013888208e-02 2.931131100278e-03
4.669437518324e+00 5.970634576473e-03 9.254508244645e-05
4.675573441475e+00 1.053943538907e-02 -6.408639162173e-03
4.681709364627e+00 -1.492281628321e-03 -8.804943544484e-03
4.687845287779e+00 3.629777204974e-03 -1.240513310703e-02
4.693981210930e+00 2.014892575614e-02 -4.279125178764e-02
4.700117134082e+00 7.590810373017e-02 3.246509816508e-02
4.706253057233e+00 -3.245181124631e-02 4.294470843500e-02
4.712388980385e+00 2.395308626733e-02 3.868052992709e-04
4.718524903536e+00 -3.379814434179e-02 2.786938512985e-02
4.724660826688e+00 4.332376318586e-02 5.636828326006e-02
4.730796749839e+00 4.573572630371e-02 -2.534220723730e-02
4.736932672991e+00 -5.658349498162e-03 -1.849882923838e-02
4.743068596142e+00 -4.295288884832e-03 -4.508490359509e-03
4.749204519294e+00 -8.956181342176e-03 -2.793588004573e-04
4.755340442445e+00 -1.579743274917e-02 2.193374227269e-03
4.761476365597e+00 -2.544279501302e-02 1.652168184677e-02
4.767612288749e+00 -7.188411287336e-02 -3.695776314507e-02
4.773748211900e+00 2.966582181770e-02 -6.104779385572e-02
4.779884135052e+00 -9.380103113814e-03 1.039987368272e-02
4.786020058203e+00 4.176585678418e-03 -2.338768527189e-02
4.792155981355e+00 -3.268327242344e-02 -2.702630352935e-02
4.798291904506e+00 -5.633399431035e-02 3.673620555689e-02
4.804427827658e+00 3.201728241591e-02 4.185725341381e-02
4.810563750809e+00 -4.532478684935e-03 -1.231601130402e-02
4.816699673961e+00 1.176523331186e-02 1.640039719732e-02
4.822835597112e+00 -1.495414787609e-02 -2.077231135820e-02
4.828971520264e+00 -2.813753032937e-03 1.093145657473e-02
4.835107443416e+00 -3.263997155444e-02 -6.169618394038e-02
4.841243366567e+00 6.802530857232e-02 -2.626123504198e-02
4.847379289719e+00 9.559555039464e-03 2.017724494533e-02
4.853515212870e+00 2.682465705651e-03 9.801327896714e-03
4.859651136022e+00 2.768170614762e-04 -1.944688732924e-02
4.865787059173e+00 -4.863029421686e-02 4.631400137417e-02
4.871922982325e+00 4.892731214690e-02 5.252661044316e-02
4.878058905476e+00 2.442196476513e-02 -1.810825610239e-03
4.884194828628e+00 1.928840285019e-02 5.387787479133e-03
4.890330751779e+00 8.844877797126e-03 5.080929578130e-03
4.896466674931e+00 6.631461112717e-03 4.067718968984e-03
4.902602598083e+00 -8.788251995292e-03 2.423431632245e-02
4.908738521234e+00 -5.312541793459e-02 -2.550497887073e-02
4.914874444386e+00 2.323496420831e-02 -6.334184479234e-02
4.921010367537e+00 3.137983537558e-02 3.300077532533e-03
4.927146290689e+00 -5.346942580940e-03 -2.157418878554e-02
4.933282213840e+00 6.056990813468e-02 -2.479179032581e-03
4.939418136992e+00 -8.977375694563e-03 -9.299817504746e-02
4.945554060143e+00 -3.999492117791e-02 1.674379287239e-03
4.951689983295e+00 -7.665071616322e-03 -1.766079785562e-02
4.957825906446e+00 -1.208046379941e-02 3.638559957025e-03
4.963961829598e+00 -4.277739112069e-03 -2.258500541058e-02
4.970097752749e+00 -1.106801441898e-02 -6.691257023580e-03
4.976233675901e+00 5.181278553896e-03 -6.240866625642e-02
4.982369599053e+00 7.447493472365e-02 -4.241523225469e-03
4.988505522204e+00 2.247332989327e-03 3.682905683361e-02
4.994641445356e+00 8.416184740242e-03 -1.887389877307e-02
5.000777368507e+00 1.344554540832e-02 2.822372485341e-02
5.006913291659e+00 5.049873584047e-02 -4.762965441363e-02
5.013049214810e+00 -4.808449750978e-02 -4.938667172251e-02
5.019185137962e+00 -2.206324582688e-02 1.159923233306e-02
5.025321061113e+00 -1.999489977763e-02 -9.743668316719e-03
5.031456984265e+00 -1.371136436625e-02 9.187186703434e-03
5.037592907416e+00 -1.934273775670e-02 -1.429748882679e-02
5.043728830568e+00 -2.987806552258e-02 -2.087012171197e-03
5.049864753720e+00 -8.653851203749e-03 -7.851502850280e-02
5.056000676871e+00 6.724896442693e-02 8.945170642580e-03
5.062136600023e+00 -2.659986506718e-02 4.629322903923e-03
5.068272523174e+00 2.886856487926e-02 2.413630446252e-04
5.074408446326e+00 -4.315581075050e-02 -2.709174581096e-02
5.080544369477e+00 -2.364629507455e-02 6.406515244175e-02
5.086680292629e+00 3.692829342814e-02 2.628025766012e-02
5.092816215780e+00 2.271404882120e-02 5.025712391701e-03
5.098952138932e+00 1.617146092778e-02 5.164695429684e-04
5.105088062083e+00 2.471567708984e-02 2.280036528922e-03
5.111223985235e+00 1.648814955738e-02 -3.273715830152e-03
5.117359908386e+00 5.519526656549e-02 2.791500747678e-02
5.123495831538e+00 -3.561335534605e-02 6.338813803134e-02
5.129631754690e+00 -2.361313489315e-02 -2.813625650114e-02
5.135767677841e+00 -3.464982011438e-03 5.457670745102e-03
5.141903600993e+00 7.265971604075e-03 -1.453727075404e-02
5.148039524144e+00 -4.410874062441e-02 -4.350322805038e-02
5.154175447296e+00 -5.183163595627e-02 5.476012469341e-02
5.160311370447e+00 2.172650722861e-02 1.695349480872e-02
5.166447293599e+00 -8.577025265791e-03 2.119289525263e-02
5.172583216750e+00 2.125161769055e-02 5.486639070423e-04
5.178719139902e+00 -2.112306065328e-03 1.882342566738e-02
5.184855063053e+00 3.864452078620e-02 2.051957351291e-04
5.190990986205e+00 1.651761982367e-03 8.171141475398e-02
5.197126909357e+00 -5.697465266246e-02 1.034404880030e-02
5.203262832508e+00 -1.505809918405e-02 -1.824308687816e-03
5.209398755660e+00 -6.490915550559e-03 4.815811822549e-03
5.215534678811e+00 -5.470186394544e-02 9.353694659890e-03
5.221670601963e+00 1.686012278236e-02 7.331025016341e-02
5.227806525114e+00 3.770596571634e-02 -1.524215100758e-02
5.233942448266e+00 -2.147034929313e-03 -4.814612091174e-03
5.240078371417e+00 3.196867810578e-03 -1.174058261971e-02
5.246214294569e+00 -1.268475108773e-02 -1.068658381455e-02
5.252350217720e+00 -1.040378088898e-02 -1.168527751121e-02
5.258486140872e+00 -2.663109397618e-02 -5.163732792447e-02
5.264622064024e+00 5.925411202371e-02 -4.681252725942e-02
5.270757987175e+00 1.915385697772e-02 3.010291492970e-02
5.276893910327e+00 -1.258819660321e-02 -1.756179368569e-02
5.283029833478e+00 2.641068243916e-02 -3.175778721136e-03
5.289165756630e+00 -5.647574916661e-02 -4.852420600411e-02
5.295301679781e+00 -3.339935388971e-02 6.439526399837e-02
5.301437602933e+00 1.451595763293e-02 6.847406210024e-03
5.307573526084e+00 4.041400847457e-04 1.926745313242e-02
5.313709449236e+00 4.994919933927e-03 -9.391063537982e-03
5.319845372387e+00 1.527071703476e-04 4.144809278916e-03
5.325981295539e+00 -3.178263539452e-04 -3.147019436075e-02
5.332117218690e+00 5.558260295356e-02 -2.192520767571e-02
5.338253141842e+00 3.743033914516e-02 5.504258637533e-02
5.344389064994e+00 -3.220497308213e-02 1.033600501636e-02
5.350524988145e+00 2.677673142704e-02 1.206729669698e-02
5.356660911297e+00 -5.172249871977e-02 -5.945431973326e-03
5.362796834448e+00 -1.109773784675e-02 7.841301351360e-02
5.368932757600e+00 4.039414749370e-02 2.820693061300e-02
5.375068680751e+00 1.428426605999e-02 7.791640993745e-03
5.381204603903e+00 1.208963297163e-02 1.023421015301e-02
5.387340527054e+00 1.364484166072e-03 7.338336760004e-03
5.393476450206e+00 -1.469847771571e-03 1.120489964449e-02
5.399612373357e+00 -3.906297793887e-02 5.088520242916e-04
5.405748296509e+00 -1.918458603964e-03 -7.480863922731e-02
5.411884219661e+00 6.019858913918e-02 3.163327876166e-03
5.418020142812e+00 -9.517647580775e-03 -1.349680172137e-02
5.424156065964e+00 4.325438703510e-02 7.445394022764e-03
5.430291989115e+00 2.374145769477e-02 -5.821064750915e-02
5.436427912267e+00 -4.296600552679e-02 -3.740029875111e-02
5.442563835418e+00 -2.241075027268e-02 2.116314168605e-02
5.448699758570e+00 1.189616730661e-03 -9.344380267180e-03
5.454835681721e+00 -1.485305831062e-02 9.665811229119e-03
5.460971604873e+00 8.231727630733e-03 -1.765451329326e-02
5.467107528024e+00 -2.206087658466e-02 -1.217484895538e-02
5.473243451176e+00 6.085953773308e-02 -5.846243476433e-02
5.479379374328e+00 3.903421195780e-02 5.830892241659e-02
5.485515297479e+00 -5.476274674291e-04 -6.348131869556e-03
5.491651220631e+00 5.083067310184e-03 2.155494496387e-02
5.497787143782e+00 4.079473034639e-02 -1.868275678486e-02
5.503923066934e+00 -4.280330352878e-02 -4.792588288550e-02
5.510058990085e+00 -3.958213780085e-02 3.225081505039e-02
5.516194913237e+00 -1.042156082997e-02 1.655165870368e-02
5.522330836388e+00 -8.883962645665e-03 2.043873664085e-02
5.528466759540e+00 -1.544829403149e-02 1.151311520067e-02
5.534602682691e+00 -1.070322742490e-02 1.574678701178e-02
5.540738605843e+00 -4.973064667883e-02 -1.389142133743e-02
5.546874528994e+00 3.269163287017e-02 -5.649346691542e-02
5.553010452146e+00 3.120694239836e-02 3.037714877346e-02
5.559146375298e+00 1.138175122170e-05 8.710148406243e-03
5.565282298449e+00 9.182454888920e-04 1.646387770150e-03
5.571418221601e+00 -1.774485362240e-02 6.171518284230e-02
5.577554144752e+00 8.108353328664e-02 3.099189263351e-02
5.583690067904e+00 1.560996104057e-02 -2.633266344974e-02
5.589825991055e+00 2.842394321199e-02 7.609264019904e-03
5.595961914207e+00 7.758786660762e-03 -2.038362040601e-02
5.602097837358e+00 2.482387768959e-02 8.024718643962e-03
5.608233760510e+00 2.271901226961e-02 -2.983168031499e-02
5.614369683661e+00 7.039767633116e-02 4.397157801179e-02
5.620505606813e+00 -2.405180735886e-02 5.278704006553e-02
5.626641529965e+00 -1.352654552023e-02 2.573241845786e-04
5.632777453116e+00 1.094775998347e-02 1.467149843091e-02
5.638913376268e+00 -4.242253669370e-02 2.196712036956e-03
5.645049299419e+00 5.435957325294e-03 8.249454363346e-02
5.651185222571e+00 5.610853642042e-02 9.040936992597e-03
5.657321145722e+00 1.374676521390e-02 1.586096888214e-03
5.663457068874e+00 2.416069674708e-02 3.480408784542e-04
5.669592992025e+00 1.196988154657e-02 -4.623722900919e-03
5.675728915177e+00 2.166583160678e-02 -3.950379944644e-03
5.681864838328e+00 4.606564285776e-02 -2.114537655753e-02
5.688000761480e+00 6.709696198452e-02 6.456909874322e-02
5.694136684632e+00 -3.401038484410e-02 3.859431236805e-02
5.700272607783e+00 3.389344648735e-02 3.827182650994e-03
5.706408530935e+00 -1.798629829725e-02 4.040992583975e-02
5.712544454086e+00 7.989709034613e-02 2.005177959851e-02
5.718680377238e+00 7.588899651551e-04 -5.334980248745e-02
5.724816300389e+00 -1.304344325256e-02 7.427787514660e-03
5.730952223541e+00 -1.286270004991e-02 1.008468219492e-03
5.737088146692e+00 -1.957760259107e-03 2.163176840313e-02
5.743224069844e+00 -1.473407474834e-02 1.154044490378e-02
5.749359992995e+00 -8.860943047029e-03 3.926665537545e-02
5.755495916147e+00 -7.343414179276e-02 -4.940257837569e-06
5.761631839298e+00 1.108759585164e-02 -5.339974963784e-02
5.767767762450e+00 1.167984843139e-02 2.518923248353e-02
5.773903685602e+00 5.089323410284e-04 -9.977455353992e-03
5.780039608753e+00 -1.880575570505e-02 3.888245773608e-02
5.786175531905e+00 6.018822993012e-02 4.703659836291e-02
5.792311455056e+00 3.888620674419e-02 -3.842512660452e-02
5.798447378208e+00 -9.722066237095e-04 3.194580276772e-03
5.804583301359e+00 1.298821518581e-02 -1.449042649783e-02
5.810719224511e+00 -9.772822988107e-03 1.486371090107e-02
5.816855147662e+00 6.019823779394e-03 -4.443687004409e-03
5.822991070814e+00 -4.858105457571e-02 2.024109184212e-02
5.829126993965e+00 -4.865992346703e-03 -8.379793299438e-02
5.835262917117e+00 4.712054879837e-02 8.775368341927e-03
5.841398840269e+00 1.101652111969e-02 -1.631525539840e-02
5.847534763420e+00 1.368860808040e-02 2.143817742745e-02
5.853670686572e+00 7.162312172894e-02 -1.160508626608e-02
5.859806609723e+00 6.328959611714e-03 -6.527356713326e-02
5.865942532875e+00 -1.752711291036e-02 -9.007221562449e-03
5.872078456026e+00 2.632414802491e-03 -4.781724383756e-03
5.878214379178e+00 2.208890103404e-03 -3.303953931338e-03
5.884350302329e+00 1.043967671023e-02 7.532879806657e-03
5.890486225481e+00 2.560397899899e-02 7.469425431028e-04
5.896622148632e+00 1.510130334573e-02 7.329959316865e-02
5.902758071784e+00 -6.462152572967e-02 1.535358032757e-02
5.908893994935e+00 -2.779966966156e-03 -8.416312558568e-03
5.915029918087e+00 -8.613321547406e-03 1.203637415719e-02
5.921165841239e+00 -3.861305687302e-02 7.596748409279e-03
5.927301764390e+00 2.023622131472e-02 8.089284918292e-02
5.933437687542e+00 5.441094813317e-02 -1.948805052527e-02
5.939573610693e+00 -2.284864803787e-04 7.951981317460e-03
5.945709533845e+00 2.198960464911e-02 -1.037860270568e-02
5.951845456996e+00 -3.934194659520e-03 1.752310141604e-02
5.957981380148e+00 1.883468951257e-02 2.699429552390e-03
5.964117303299e+00 -1.987793880465e-02 5.408771465627e-02
5.970253226451e+00 -5.926329994795e-02 -1.459405075998e-02
5.976389149602e+00 1.293477423874e-03 -3.905975512327e-02
5.982525072754e+00 1.410288768311e-02 1.234107630133e-02
5.988660995906e+00 -2.378001295759e-02 -1.782995693590e-02
5.994796919057e+00 2.597091022532e-02 6.105801389031e-02
6.000932842209e+00 6.575374847938e-02 -3.283378820939e-02
6.007068765360e+00 5.973891873689e-03 -3.012097305940e-02
6.013204688512e+00 1.174674157115e-02 -2.082308043238e-02
6.019340611663e+00 6.806832793949e-03 -1.619507154212e-02
6.025476534815e+00 1.395679821853e-02 -1.317334158286e-02
6.031612457966e+00 2.630767757598e-02 -1.411208218614e-02
6.037748381118e+00 3.961400847210e-02 4.111321653949e-02
6.043884304269e+00 -5.474768046138e-02 3.685492128159e-02
6.050020227421e+00 -5.212626124103e-03 -4.138523316176e-02
6.056156150573e+00 -1.119710580235e-02 2.372166972454e-02
6.062292073724e+00 6.639373100138e-03 -5.739246048057e-02
6.068427996876e+00 -7.933307245451e-02 -1.091177008340e-04
6.074563920027e+00 -1.484989360957e-02 4.067212382397e-02
6.080699843179e+00 -2.639953363332e-03 2.130832373166e-02
6.086835766330e+00 -5.827278521758e-04 1.075378929542e-02
6.092971689482e+00 -3.141808328800e-03 2.160199736859e-02
6.099107612633e+00 -3.367199492687e-03 1.031812900948e-02
6.105243535785e+00 -2.943791981948e-02 4.653295328953e-02
6.111379458936e+00 -6.832485373700e-02 -4.382428386547e-02
6.117515382088e+00 3.260036838567e-02 -3.148067086353e-02
6.123651305239e+00 -1.890140010209e-02 -2.707829915477e-03
6.129787228391e+00 2.392496656600e-02 -1.159240332097e-02
6.135923151543e+00 -3.305602281636e-02 -5.548330897438e-02
6.142059074694e+00 -5.990659101650e-02 3.662020320426e-02
6.148194997846e+00 1.140817487165e-02 2.688252010702e-02
6.154330920997e+00 -7.982567344073e-03 2.005688194838e-02
6.160466844149e+00 1.467183910701e-02 1.197763685774e-02
6.166602767300e+00 -5.596137712609e-03 2.369391329453e-02
6.172738690452e+00 2.224643815861e-02 2.309204908266e-02
6.178874613603e+00 -4.594557736221e-02 7.082072346976e-02
6.185010536755e+00 -5.275780884344e-02 -3.727425622094e-02
6.191146459906e+00 5.811125066041e-03 6.713632006117e-03
6.197282383058e+00 -1.263606808485e-02 -7.993422717006e-03
6.203418306210e+00 -3.127119898334e-02 2.824217273473e-02
6.209554229361e+00 4.403113243849e-02 4.549190979943e-02
6.215690152513e+00 3.438484088401e-02 -3.765377139583e-02
6.221826075664e+00 -1.054884491404e-02 -1.344311957989e-02
6.227961998816e+00 2.960478847920e-03 -1.478964907849e-02
6.234097921967e+00 -1.887673755010e-02 -1.350571453704e-02
6.240233845119e+00 -6.382656011606e-03 -1.012348481709e-02
6.246369768270e+00 -3.324190332950e-02 -4.845674561257e-02
6.252505691422e+00 6.141463822786e-02 -4.292871263372e-02
6.258641614573e+00 1.399570044475e-02 3.307101604598e-02
6.264777537725e+00 -6.128459036079e-03 5.809975230729e-04
6.270913460877e+00 3.056573488790e-03 -7.227838701304e-03
6.277049384028e+00 -4.873857844381e-02 3.884784376586e-02
