0 2 0
0.00613592315154 2.06285248914 0
0.0122718463031 2.11623675307 0
0.0184077694546 2.15991225231 0
0.0245436926062 2.1936843464 0
0.0306796157577 2.21740514495 0
0.0368155389093 2.23097413202 0
0.0429514620608 2.23433856133 0
0.0490873852123 2.22749362084 0
0.0552233083639 2.21048236662 0
0.0613592315154 2.18339542665 0
0.067495154667 2.14637047688 0
0.0736310778185 2.09959149247 0
0.0797670009701 2.04328777847 0
0.0859029241216 1.9777327854 0
0.0920388472731 1.90324271586 0
0.0981747704247 1.82017492973 0
0.104310693576 1.72892615613 0
0.110446616728 1.62993052147 0
0.116582539879 1.52365740372 0
0.122718463031 1.41060912376 0
0.128854386182 1.29131848564 0
0.134990309334 1.16634617801 0
0.141126232485 1.03627804993 0
0.147262155637 0.901722274519 0
0.153398078789 0.763306414701 0
0.15953400194 0.621674405516 0
0.165669925092 0.477483467925 0
0.171805848243 0.331400969312 0
0.177941771395 0.184101246059 0
0.184077694546 0.0362624037266 0
0.190213617698 -0.1114368896 0
0.196349540849 -0.258320601249 0
0.202485464001 -0.403718507745 0
0.208621387152 -0.546969329187 0
0.214757310304 -0.687423809215 0
0.220893233456 -0.824447725887 0
0.227029156607 -0.957424819209 0
0.233165079759 -1.0857596215 0
0.23930100291 -1.20888017732 0
0.245436926062 -1.32624064034 0
0.251572849213 -1.43732373505 0
0.257708772365 -1.54164307214 0
0.263844695516 -1.6387453069 0
0.269980618668 -1.72821213104 0
0.276116541819 -1.80966208899 0
0.282252464971 -1.88275221085 0
0.288388388123 -1.94717945481 0
0.294524311274 -2.00268195324 0
0.300660234426 -2.04904005711 0
0.306796157577 -2.08607717496 0
0.312932080729 -2.11366040323 0
0.31906800388 -2.1317009461 0
0.325203927032 -2.14015432375 0
0.331339850183 -2.13902036932 0
0.337475773335 -2.12834301552 0
0.343611696486 -2.10820987324 0
0.349747619638 -2.07875160516 0
0.355883542789 -2.04014109854 0
0.362019465941 -1.99259244238 0
0.368155389093 -1.93635971488 0
0.374291312244 -1.8717355882 0
0.380427235396 -1.7990497582 0
0.386563158547 -1.71866720788 0
0.392699081699 -1.6309863137 0
0.39883500485 -1.53643680501 0
0.404970928002 -1.43547758717 0
0.411106851153 -1.32859443974 0
0.417242774305 -1.21629760154 0
0.423378697456 -1.099119255 0
0.429514620608 -0.977610922414 0
0.43565054376 -0.852340787311 0
0.441786466911 -0.7238909542 0
0.447922390063 -0.592854660358 0
0.454058313214 -0.459833453329 0
0.460194236366 -0.325434347945 0
0.466330159517 -0.190266976668 0
0.472466082669 -0.0549407469936 0
0.47860200582 0.0799379804947 0
0.484737928972 0.213768679997 0
0.490873852123 0.345959401165 0
0.497009775275 0.475929449749 0
0.503145698426 0.603111995798 0
0.509281621578 0.726956597426 0
0.51541754473 0.846931628685 0
0.521553467881 0.96252660061 0
0.527689391033 1.07325436513 0
0.533825314184 1.17865319221 0
0.539961237336 1.27828871117 0
0.546097160487 1.37175570814 0
0.552233083639 1.45867977194 0
0.55836900679 1.53871878199 0
0.564504929942 1.61156423223 0
0.570640853093 1.67694238616 0
0.576776776245 1.73461525889 0
0.582912699397 1.78438142299 0
0.589048622548 1.82607663571 0
0.5951845457 1.85957428625 0
0.601320468851 1.88478566245 0
0.607456392003 1.90166003731 0
0.613592315154 1.91018457645 0
0.619728238306 1.91038406873 0
0.625864161457 1.90232048287 0
0.632000084609 1.88609235383 0
0.63813600776 1.86183400354 0
0.644271930912 1.82971460132 0
0.650407854064 1.78993706999 0
0.656543777215 1.74273684444 0
0.662679700367 1.6883804901 0
0.668815623518 1.62716418936 0
0.67495154667 1.55941210438 0
0.681087469821 1.48547462566 0
0.687223392973 1.40572651567 0
0.693359316124 1.32056495774 0
0.699495239276 1.23040752047 0
0.705631162427 1.13569004833 0
0.711767085579 1.03686448938 0
0.71790300873 0.934396671158 0
0.724038931882 0.828764036065 0
0.730174855034 0.720453347439 0
0.736310778185 0.609958377718 0
0.742446701337 0.497777589958 0
0.748582624488 0.384411823885 0
0.75471854764 0.270361997531 0
0.760854470791 0.15612683528 0
0.766990393943 0.042200632903 0
0.773126317094 -0.0709289301567 0
0.779262240246 -0.182782921333 0
0.785398163397 -0.292893218813 0
0.791534086549 -0.400804499684 0
0.797670009701 -0.50607614376 0
0.803805932852 -0.608284045057 0
0.809941856004 -0.707022323406 0
0.816077779155 -0.801904929301 0
0.822213702307 -0.892567135707 0
0.828349625458 -0.978666911165 0
0.83448554861 -1.05988616923 0
0.840621471761 -1.13593188989 0
0.846757394913 -1.20653710948 0
0.852893318064 -1.27146177594 0
0.859029241216 -1.33049346753 0
0.865165164368 -1.3834479732 0
0.871301087519 -1.43016973403 0
0.877437010671 -1.47053214562 0
0.883572933822 -1.50443772192 0
0.889708856974 -1.53181812194 0
0.895844780125 -1.5526340412 0
0.901980703277 -1.56687497051 0
0.908116626428 -1.5745588254 0
0.91425254958 -1.5757314498 0
0.920388472731 -1.5704659986 0
0.926524395883 -1.55886220385 0
0.932660319034 -1.54104553001 0
0.938796242186 -1.51716622427 0
0.944932165338 -1.48739826809 0
0.951068088489 -1.45193823682 0
0.957204011641 -1.41100407433 0
0.963339934792 -1.36483379017 0
0.969475857944 -1.31368408668 0
0.975611781095 -1.25782892412 0
0.981747704247 -1.19755803173 0
0.987883627398 -1.13317537286 0
0.99401955055 -1.06499757253 0
1.0001554737 -0.993352315588 0
1.00629139685 -0.918576723811 0
1.01242732 -0.841015720181 0
1.01856324316 -0.761020388488 0
1.02469916631 -0.678946336269 0
1.03083508946 -0.595152068943 0
1.03697101261 -0.509997382779 0
1.04310693576 -0.423841784085 0
1.04924285891 -0.337042941748 0
1.05537878207 -0.24995517991 0
1.06151470522 -0.162928017236 0
1.06765062837 -0.0763047588768 0
1.07378655152 0.00957885321582 0
1.07992247467 0.0943959263315 0
1.08605839782 0.177829634593 0
1.09219432097 0.259574363722 0
1.09833024413 0.339336779098 0
1.10446616728 0.416836813685 0
1.11060209043 0.491808572933 0
1.11673801358 0.564001154222 0
1.12287393673 0.633179378945 0
1.12900985988 0.699124435819 0
1.13514578304 0.761634434508 0
1.14128170619 0.82052486915 0
1.14741762934 0.875628991843 0
1.15355355249 0.926798096647 0
1.15968947564 0.97390171509 0
1.16582539879 1.01682772464 0
1.17196132194 1.05548237201 0
1.1780972451 1.08979021355 0
1.18423316825 1.11969397549 0
1.1903690914 1.1451543369 0
1.19650501455 1.16614963883 0
1.2026409377 1.18267552333 0
1.20877686085 1.19474450617 0
1.21491278401 1.20238548756 0
1.22104870716 1.20564320517 0
1.22718463031 1.20457763419 0
1.23332055346 1.19926333906 0
1.23945647661 1.18978878174 0
1.24559239976 1.17625559157 0
1.25172832291 1.15877780168 0
1.25786424607 1.13748105699 0
1.26400016922 1.11250179888 0
1.27013609237 1.08398643148 0
1.27627201552 1.05209047456 0
1.28240793867 1.01697770795 0
1.28854386182 0.978819311987 0
1.29467978498 0.937793008819 0
1.30081570813 0.89408220884 0
1.30695163128 0.847875166485 0
1.31308755443 0.799364149399 0
1.31922347758 0.748744624733 0
1.32535940073 0.696214466083 0
1.33149532388 0.641973184295 0
1.33763124704 0.586221185109 0
1.34376717019 0.529159056294 0
1.34990309334 0.470986886651 0
1.35603901649 0.411903618918 0
1.36217493964 0.352106438339 0
1.36831086279 0.291790198308 0
1.37444678595 0.231146884198 0
1.3805827091 0.170365116181 0
1.38671863225 0.109629691521 0
1.3928545554 0.0491211665215 0
1.39899047855 -0.0109845219717 0
1.4051264017 -0.0705163959148 0
1.41126232485 -0.129308736914 0
1.41739824801 -0.187201349504 0
1.42353417116 -0.244039788018 0
1.42967009431 -0.299675548439 0
1.43580601746 -0.353966226829 0
1.44194194061 -0.406775646121 0
1.44807786376 -0.45797395322 0
1.45421378692 -0.507437688512 0
1.46034971007 -0.555049830001 0
1.46648563322 -0.600699814385 0
1.47262155637 -0.644283537481 0
1.47875747952 -0.685703336436 0
1.48489340267 -0.724867956217 0
1.49102932582 -0.761692502855 0
1.49716524898 -0.796098385928 0
1.50330117213 -0.828013252712 0
1.50943709528 -0.857370916369 0
1.51557301843 -0.88411128047 0
1.52170894158 -0.908180262046 0
1.52784486473 -0.929529715227 0
1.53398078789 -0.948117357401 0
1.54011671104 -0.963906699681 0
1.54625263419 -0.976866983258 0
1.55238855734 -0.986973123078 0
1.55852448049 -0.994205660062 0
1.56466040364 -0.998550722866 0
1.57079632679 -1 0
1.57693224995 -0.998550722866 0
1.5830681731 -0.994205660062 0
1.58920409625 -0.986973123078 0
1.5953400194 -0.976866983258 0
1.60147594255 -0.963906699681 0
1.6076118657 -0.948117357401 0
1.61374778886 -0.929529715227 0
1.61988371201 -0.908180262046 0
1.62601963516 -0.88411128047 0
1.63215555831 -0.857370916369 0
1.63829148146 -0.828013252712 0
1.64442740461 -0.796098385928 0
1.65056332776 -0.761692502855 0
1.65669925092 -0.724867956217 0
1.66283517407 -0.685703336436 0
1.66897109722 -0.644283537481 0
1.67510702037 -0.600699814385 0
1.68124294352 -0.555049830001 0
1.68737886667 -0.507437688512 0
1.69351478983 -0.45797395322 0
1.69965071298 -0.406775646121 0
1.70578663613 -0.353966226829 0
1.71192255928 -0.299675548439 0
1.71805848243 -0.244039788018 0
1.72419440558 -0.187201349504 0
1.73033032874 -0.129308736914 0
1.73646625189 -0.0705163959148 0
1.74260217504 -0.0109845219717 0
1.74873809819 0.0491211665215 0
1.75487402134 0.109629691521 0
1.76100994449 0.170365116181 0
1.76714586764 0.231146884198 0
1.7732817908 0.291790198308 0
1.77941771395 0.352106438339 0
1.7855536371 0.411903618918 0
1.79168956025 0.470986886651 0
1.7978254834 0.529159056294 0
1.80396140655 0.586221185109 0
1.81009732971 0.641973184295 0
1.81623325286 0.696214466083 0
1.82236917601 0.748744624733 0
1.82850509916 0.799364149399 0
1.83464102231 0.847875166485 0
1.84077694546 0.89408220884 0
1.84691286861 0.937793008819 0
1.85304879177 0.978819311987 0
1.85918471492 1.01697770795 0
1.86532063807 1.05209047456 0
1.87145656122 1.08398643148 0
1.87759248437 1.11250179888 0
1.88372840752 1.13748105699 0
1.88986433068 1.15877780168 0
1.89600025383 1.17625559157 0
1.90213617698 1.18978878174 0
1.90827210013 1.19926333906 0
1.91440802328 1.20457763419 0
1.92054394643 1.20564320517 0
1.92667986958 1.20238548756 0
1.93281579274 1.19474450617 0
1.93895171589 1.18267552333 0
1.94508763904 1.16614963883 0
1.95122356219 1.1451543369 0
1.95735948534 1.11969397549 0
1.96349540849 1.08979021355 0
1.96963133165 1.05548237201 0
1.9757672548 1.01682772464 0
1.98190317795 0.97390171509 0
1.9880391011 0.926798096647 0
1.99417502425 0.875628991843 0
2.0003109474 0.82052486915 0
2.00644687055 0.761634434508 0
2.01258279371 0.699124435819 0
2.01871871686 0.633179378945 0
2.02485464001 0.564001154222 0
2.03099056316 0.491808572933 0
2.03712648631 0.416836813685 0
2.04326240946 0.339336779098 0
2.04939833262 0.259574363722 0
2.05553425577 0.177829634593 0
2.06167017892 0.0943959263315 0
2.06780610207 0.00957885321582 0
2.07394202522 -0.0763047588768 0
2.08007794837 -0.162928017236 0
2.08621387152 -0.24995517991 0
2.09234979468 -0.337042941748 0
2.09848571783 -0.423841784085 0
2.10462164098 -0.509997382779 0
2.11075756413 -0.595152068943 0
2.11689348728 -0.678946336269 0
2.12302941043 -0.761020388488 0
2.12916533359 -0.841015720181 0
2.13530125674 -0.918576723811 0
2.14143717989 -0.993352315588 0
2.14757310304 -1.06499757253 0
2.15370902619 -1.13317537286 0
2.15984494934 -1.19755803173 0
2.16598087249 -1.25782892412 0
2.17211679565 -1.31368408668 0
2.1782527188 -1.36483379017 0
2.18438864195 -1.41100407433 0
2.1905245651 -1.45193823682 0
2.19666048825 -1.48739826809 0
2.2027964114 -1.51716622427 0
2.20893233456 -1.54104553001 0
2.21506825771 -1.55886220385 0
2.22120418086 -1.5704659986 0
2.22734010401 -1.5757314498 0
2.23347602716 -1.5745588254 0
2.23961195031 -1.56687497051 0
2.24574787346 -1.5526340412 0
2.25188379662 -1.53181812194 0
2.25801971977 -1.50443772192 0
2.26415564292 -1.47053214562 0
2.27029156607 -1.43016973403 0
2.27642748922 -1.3834479732 0
2.28256341237 -1.33049346753 0
2.28869933553 -1.27146177594 0
2.29483525868 -1.20653710948 0
2.30097118183 -1.13593188989 0
2.30710710498 -1.05988616923 0
2.31324302813 -0.978666911165 0
2.31937895128 -0.892567135707 0
2.32551487443 -0.801904929301 0
2.33165079759 -0.707022323406 0
2.33778672074 -0.608284045057 0
2.34392264389 -0.50607614376 0
2.35005856704 -0.400804499684 0
2.35619449019 -0.292893218813 0
2.36233041334 -0.182782921333 0
2.3684663365 -0.0709289301567 0
2.37460225965 0.042200632903 0
2.3807381828 0.15612683528 0
2.38687410595 0.270361997531 0
2.3930100291 0.384411823885 0
2.39914595225 0.497777589958 0
2.4052818754 0.609958377718 0
2.41141779856 0.720453347439 0
2.41755372171 0.828764036065 0
2.42368964486 0.934396671158 0
2.42982556801 1.03686448938 0
2.43596149116 1.13569004833 0
2.44209741431 1.23040752047 0
2.44823333747 1.32056495774 0
2.45436926062 1.40572651567 0
2.46050518377 1.48547462566 0
2.46664110692 1.55941210438 0
2.47277703007 1.62716418936 0
2.47891295322 1.6883804901 0
2.48504887637 1.74273684444 0
2.49118479953 1.78993706999 0
2.49732072268 1.82971460132 0
2.50345664583 1.86183400354 0
2.50959256898 1.88609235383 0
2.51572849213 1.90232048287 0
2.52186441528 1.91038406873 0
2.52800033844 1.91018457645 0
2.53413626159 1.90166003731 0
2.54027218474 1.88478566245 0
2.54640810789 1.85957428625 0
2.55254403104 1.82607663571 0
2.55867995419 1.78438142299 0
2.56481587734 1.73461525889 0
2.5709518005 1.67694238616 0
2.57708772365 1.61156423223 0
2.5832236468 1.53871878199 0
2.58935956995 1.45867977194 0
2.5954954931 1.37175570814 0
2.60163141625 1.27828871117 0
2.60776733941 1.17865319221 0
2.61390326256 1.07325436513 0
2.62003918571 0.96252660061 0
2.62617510886 0.846931628685 0
2.63231103201 0.726956597426 0
2.63844695516 0.603111995798 0
2.64458287831 0.475929449749 0
2.65071880147 0.345959401165 0
2.65685472462 0.213768679997 0
2.66299064777 0.0799379804947 0
2.66912657092 -0.0549407469936 0
2.67526249407 -0.190266976668 0
2.68139841722 -0.325434347945 0
2.68753434038 -0.459833453329 0
2.69367026353 -0.592854660358 0
2.69980618668 -0.7238909542 0
2.70594210983 -0.852340787311 0
2.71207803298 -0.977610922414 0
2.71821395613 -1.099119255 0
2.72434987928 -1.21629760154 0
2.73048580244 -1.32859443974 0
2.73662172559 -1.43547758717 0
2.74275764874 -1.53643680501 0
2.74889357189 -1.6309863137 0
2.75502949504 -1.71866720788 0
2.76116541819 -1.7990497582 0
2.76730134135 -1.8717355882 0
2.7734372645 -1.93635971488 0
2.77957318765 -1.99259244238 0
2.7857091108 -2.04014109854 0
2.79184503395 -2.07875160516 0
2.7979809571 -2.10820987324 0
2.80411688025 -2.12834301552 0
2.81025280341 -2.13902036932 0
2.81638872656 -2.14015432375 0
2.82252464971 -2.1317009461 0
2.82866057286 -2.11366040323 0
2.83479649601 -2.08607717496 0
2.84093241916 -2.04904005711 0
2.84706834232 -2.00268195324 0
2.85320426547 -1.94717945481 0
2.85934018862 -1.88275221085 0
2.86547611177 -1.80966208899 0
2.87161203492 -1.72821213104 0
2.87774795807 -1.6387453069 0
2.88388388123 -1.54164307214 0
2.89001980438 -1.43732373505 0
2.89615572753 -1.32624064034 0
2.90229165068 -1.20888017732 0
2.90842757383 -1.0857596215 0
2.91456349698 -0.957424819209 0
2.92069942013 -0.824447725887 0
2.92683534329 -0.687423809215 0
2.93297126644 -0.546969329187 0
2.93910718959 -0.403718507745 0
2.94524311274 -0.258320601249 0
2.95137903589 -0.1114368896 0
2.95751495904 0.0362624037266 0
2.9636508822 0.184101246059 0
2.96978680535 0.331400969312 0
2.9759227285 0.477483467925 0
2.98205865165 0.621674405516 0
2.9881945748 0.763306414701 0
2.99433049795 0.901722274519 0
3.0004664211 1.03627804993 0
3.00660234426 1.16634617801 0
3.01273826741 1.29131848564 0
3.01887419056 1.41060912376 0
3.02501011371 1.52365740372 0
3.03114603686 1.62993052147 0
3.03728196001 1.72892615613 0
3.04341788317 1.82017492973 0
3.04955380632 1.90324271586 0
3.05568972947 1.9777327854 0
3.06182565262 2.04328777847 0
3.06796157577 2.09959149247 0
3.07409749892 2.14637047688 0
3.08023342207 2.18339542665 0
3.08636934523 2.21048236662 0
3.09250526838 2.22749362084 0
3.09864119153 2.23433856133 0
3.10477711468 2.23097413202 0
3.11091303783 2.21740514495 0
3.11704896098 2.1936843464 0
3.12318488414 2.15991225231 0
3.12932080729 2.11623675307 0
3.13545673044 2.06285248914 0
3.14159265359 2 0
3.14772857674 1.92796465002 0
3.15386449989 1.84707533606 0
3.16000042304 1.75770298263 0
3.1661363462 1.66025883145 0
3.17227226935 1.55519253343 0
3.1784081925 1.4429900519 0
3.18454411565 1.32417138707 0
3.1906800388 1.19928813246 0
3.19681596195 1.06892087484 0
3.20295188511 0.933676450364 0
3.20908780826 0.794185069734 0
3.21522373141 0.651097326567 0
3.22135965456 0.505081103181 0
3.22749557771 0.356818388894 0
3.23363150086 0.207002026256 0
3.23976742401 0.0563324010363 0
3.24590334717 -0.0944859078808 0
3.25203927032 -0.244747502355 0
3.25817519347 -0.393749546075 0
3.26431111662 -0.540795136317 0
3.27044703977 -0.685196649823 0
3.27658296292 -0.826279046353 0
3.28271888608 -0.963383113661 0
3.28885480923 -1.09586863789 0
3.29499073238 -1.22311748377 0
3.30112665553 -1.34453656935 0
3.30726257868 -1.45956072062 0
3.31339850183 -1.56765539187 0
3.31953442498 -1.66831923822 0
3.32567034814 -1.76108652766 0
3.33180627129 -1.84552938063 0
3.33794219444 -1.92125982585 0
3.34407811759 -1.98793166235 0
3.35021404074 -2.04524211823 0
3.35634996389 -2.09293329813 0
3.36248588705 -2.13079341179 0
3.3686218102 -2.15865777798 0
3.37475773335 -2.17640959834 0
3.3808936565 -2.18398049762 0
3.38702957965 -2.1813508272 0
3.3931655028 -2.16854973066 0
3.39930142595 -2.14565497077 0
3.40543734911 -2.11279251889 0
3.41157327226 -2.07013590856 0
3.41770919541 -2.01790535673 0
3.42384511856 -1.95636665673 0
3.42998104171 -1.88582984846 0
3.43611696486 -1.80664767258 0
3.44225288802 -1.71921381613 0
3.44838881117 -1.6239609584 0
3.45452473432 -1.52135862675 0
3.46066065747 -1.41191087303 0
3.46679658062 -1.29615378215 0
3.47293250377 -1.17465282516 0
3.47906842692 -1.04800007006 0
3.48520435008 -0.916811264259 0
3.49134027323 -0.78172280312 0
3.49747619638 -0.643388599725 0
3.50361211953 -0.502476871496 0
3.50974804268 -0.359666859628 0
3.51588396583 -0.215645497684 0
3.52201988899 -0.0711040459604 0
3.52815581214 0.0732652916331 0
3.53429173529 0.216772751325 0
3.54042765844 0.358734377027 0
3.54656358159 0.49847535492 0
3.55269950474 0.635333298483 0
3.55883542789 0.76866146766 0
3.56497135105 0.89783190615 0
3.5711072742 1.02223848126 0
3.57724319735 1.14129981127 0
3.5833791205 1.25446206573 0
3.58951504365 1.36120162496 0
3.5956509668 1.4610275855 0
3.60178688996 1.55348409926 0
3.60792281311 1.63815253474 0
3.61405873626 1.71465344987 0
3.62019465941 1.78264836671 0
3.62633058256 1.84184133941 0
3.63246650571 1.89198030789 0
3.63860242886 1.93285823065 0
3.64473835202 1.96431399139 0
3.65087427517 1.98623307526 0
3.65701019832 1.99854801152 0
3.66314612147 2.00123858094 0
3.66928204462 1.99433178705 0
3.67541796777 1.9779015919 0
3.68155389093 1.95206841796 0
3.68768981408 1.91699841904 0
3.69382573723 1.87290252433 0
3.69996166038 1.82003526066 0
3.70609758353 1.75869335943 0
3.71223350668 1.68921415545 0
3.71836942983 1.61197378629 0
3.72450535299 1.52738520141 0
3.73064127614 1.43589599168 0
3.73677719929 1.33798605042 0
3.74291312244 1.23416507813 0
3.74904904559 1.12496994391 0
3.75518496874 1.01096191714 0
3.7613208919 0.892723783645 0
3.76745681505 0.770856861305 0
3.7735927382 0.6459779303 0
3.77972866135 0.518716093841 0
3.7858645845 0.389709585396 0
3.79200050765 0.259602538743 0
3.7981364308 0.129041737349 0
3.80427235396 -0.00132664039624 0
3.81040827711 -0.130860263499 0
3.81654420026 -0.258923861798 0
3.82268012341 -0.384892394216 0
3.82881604656 -0.508154155795 0
3.83495196971 -0.628113807831 0
3.84108789287 -0.744195315845 0
3.84722381602 -0.855844780602 0
3.85335973917 -0.962533148013 0
3.85949566232 -1.06375878435 0
3.86563158547 -1.15904990394 0
3.87176750862 -1.24796683734 0
3.87790343177 -1.33010412867 0
3.88403935493 -1.40509245198 0
3.89017527808 -1.47260033706 0
3.89631120123 -1.53233569656 0
3.90244712438 -1.58404714694 0
3.90858304753 -1.62752511707 0
3.91471897068 -1.66260273937 0
3.92085489384 -1.68915651942 0
3.92699081699 -1.70710678119 0
3.93312674014 -1.71641788628 0
3.93926266329 -1.71709822657 0
3.94539858644 -1.70919999093 0
3.95153450959 -1.69281870787 0
3.95767043274 -1.66809256701 0
3.9638063559 -1.63520152361 0
3.96994227905 -1.59436619125 0
3.9760782022 -1.54584652903 0
3.98221412535 -1.48994033072 0
3.9883500485 -1.42698152407 0
3.99448597165 -1.35733828981 0
4.00062189481 -1.28141101049 0
4.00675781796 -1.1996300602 0
4.01289374111 -1.11245344737 0
4.01902966426 -1.0203643229 0
4.02516558741 -0.923868367413 0
4.03130151056 -0.8234910711 0
4.03743743372 -0.719774921001 0
4.04357335687 -0.613276510387 0
4.04970928002 -0.504563585625 0
4.05584520317 -0.39421204608 0
4.06198112632 -0.282802912821 0
4.06811704947 -0.170919282069 0
4.07425297262 -0.0591432793011 0
4.08038889578 0.0519469700421 0
4.08652481893 0.161780337481 0
4.09266074208 0.26979564046 0
4.09879666523 0.375444528057 0
4.10493258838 0.47819428851 0
4.11106851153 0.577530564078 0
4.11720443469 0.672959959271 0
4.12334035784 0.764012529078 0
4.12947628099 0.850244134482 0
4.13561220414 0.931238653272 0
4.14174812729 1.00661003498 0
4.14788405044 1.07600418955 0
4.15401997359 1.13910070034 0
4.16015589675 1.19561435295 0
4.1662918199 1.24529647227 0
4.17242774305 1.28793606142 0
4.1785636662 1.32336073706 0
4.18469958935 1.35143745672 0
4.1908355125 1.37207303498 0
4.19697143566 1.38521444639 0
4.20310735881 1.39084891411 0
4.20924328196 1.38900378447 0
4.21537920511 1.37974618876 0
4.22151512826 1.36318249466 0
4.22765105141 1.33945755078 0
4.23378697456 1.30875372908 0
4.23992289772 1.27128977063 0
4.24605882087 1.2273194417 0
4.25219474402 1.17713000756 0
4.25833066717 1.12104053299 0
4.26446659032 1.05940001878 0
4.27060251347 0.992585384729 0
4.27673843663 0.920999310451 0
4.28287435978 0.845067945721 0
4.28901028293 0.765238503144 0
4.29514620608 0.681976746248 0
4.30128212923 0.595764386791 0
4.30741805238 0.507096405431 0
4.31355397553 0.416478310374 0
4.31968989869 0.324423348821 0
4.32582582184 0.231449686353 0
4.33196174499 0.138077569446 0
4.33809766814 0.0448264864308 0
4.34423359129 -0.0477876578348 0
4.35036951444 -0.139255338436 0
4.3565054376 -0.229076163011 0
4.36264136075 -0.316761565801 0
4.3687772839 -0.401837428768 0
4.37491320705 -0.483846615812 0
4.3810491302 -0.562351406653 0
4.38718505335 -0.636935817464 0
4.3933209765 -0.707207795992 0
4.39945689966 -0.772801279618 0
4.40559282281 -0.833378105527 0
4.41172874596 -0.888629763012 0
4.41786466911 -0.93827897878 0
4.42400059226 -0.982081127049 0
4.43013651541 -1.01982545719 0
4.43627243857 -1.05133613265 0
4.44240836172 -1.07647307594 0
4.44854428487 -1.09513261549 0
4.45468020802 -1.10724793131 0
4.46081613117 -1.11278929743 0
4.46695205432 -1.11176412016 0
4.47308797747 -1.10421677254 0
4.47922390063 -1.090228226 0
4.48535982378 -1.06991548192 0
4.49149574693 -1.04343080636 0
4.49763167008 -1.01096077257 0
4.50376759323 -0.972725116841 0
4.50990351638 -0.928975414244 0
4.51603943954 -0.879993581841 0
4.52217536269 -0.826090217764 0
4.52831128584 -0.767602785556 0
4.53444720899 -0.704893653911 0
4.54058313214 -0.63834800277 0
4.54671905529 -0.568371607406 0
4.55285497844 -0.495388512824 0
4.5589909016 -0.419838611328 0
4.56512682475 -0.342175136673 0
4.5712627479 -0.262862088627 0
4.57739867105 -0.18237160214 0
4.5835345942 -0.101181275604 0
4.58967051735 -0.0197714729058 0
4.59580644051 0.0613773859105 0
4.60194236366 0.141787530498 0
4.60807828681 0.220986527731 0
4.61421420996 0.298509936171 0
4.62035013311 0.373903912937 0
4.62648605626 0.446727758696 0
4.63262197941 0.516556386873 0
4.63875790257 0.582982703546 0
4.64489382572 0.645619885042 0
4.65102974887 0.704103540775 0
4.65716567202 0.758093749512 0
4.66330159517 0.807276957954 0
4.66943751832 0.851367731263 0
4.67557344148 0.890110345979 0
4.68170936463 0.923280216643 0
4.68784528778 0.950685148333 0
4.69398121093 0.972166408293 0
4.70011713408 0.987599610794 0
4.70625305723 0.996895410423 0
4.71238898038 1 0
4.71852490354 0.996895410423 0
4.72466082669 0.987599610794 0
4.73079674984 0.972166408293 0
4.73693267299 0.950685148333 0
4.74306859614 0.923280216643 0
4.74920451929 0.890110345979 0
4.75534044245 0.851367731263 0
4.7614763656 0.807276957954 0
4.76761228875 0.758093749512 0
4.7737482119 0.704103540775 0
4.77988413505 0.645619885042 0
4.7860200582 0.582982703546 0
4.79215598135 0.516556386873 0
4.79829190451 0.446727758696 0
4.80442782766 0.373903912937 0
4.81056375081 0.298509936171 0
4.81669967396 0.220986527731 0
4.82283559711 0.141787530498 0
4.82897152026 0.0613773859105 0
4.83510744342 -0.0197714729058 0
4.84124336657 -0.101181275604 0
4.84737928972 -0.18237160214 0
4.85351521287 -0.262862088627 0
4.85965113602 -0.342175136673 0
4.86578705917 -0.419838611328 0
4.87192298232 -0.495388512824 0
4.87805890548 -0.568371607406 0
4.88419482863 -0.63834800277 0
4.89033075178 -0.704893653911 0
4.89646667493 -0.767602785556 0
4.90260259808 -0.826090217764 0
4.90873852123 -0.879993581841 0
4.91487444439 -0.928975414244 0
4.92101036754 -0.972725116841 0
4.92714629069 -1.01096077257 0
4.93328221384 -1.04343080636 0
4.93941813699 -1.06991548192 0
4.94555406014 -1.090228226 0
4.95168998329 -1.10421677254 0
4.95782590645 -1.11176412016 0
4.9639618296 -1.11278929743 0
4.97009775275 -1.10724793131 0
4.9762336759 -1.09513261549 0
4.98236959905 -1.07647307594 0
4.9885055222 -1.05133613265 0
4.99464144536 -1.01982545719 0
5.00077736851 -0.982081127049 0
5.00691329166 -0.93827897878 0
5.01304921481 -0.888629763012 0
5.01918513796 -0.833378105527 0
5.02532106111 -0.772801279618 0
5.03145698426 -0.707207795992 0
5.03759290742 -0.636935817464 0
5.04372883057 -0.562351406653 0
5.04986475372 -0.483846615812 0
5.05600067687 -0.401837428768 0
5.06213660002 -0.316761565801 0
5.06827252317 -0.229076163011 0
5.07440844633 -0.139255338436 0
5.08054436948 -0.0477876578348 0
5.08668029263 0.0448264864308 0
5.09281621578 0.138077569446 0
5.09895213893 0.231449686353 0
5.10508806208 0.324423348821 0
5.11122398523 0.416478310374 0
5.11735990839 0.507096405431 0
5.12349583154 0.595764386791 0
5.12963175469 0.681976746248 0
5.13576767784 0.765238503144 0
5.14190360099 0.845067945721 0
5.14803952414 0.920999310451 0
5.1541754473 0.992585384729 0
5.16031137045 1.05940001878 0
5.1664472936 1.12104053299 0
5.17258321675 1.17713000756 0
5.1787191399 1.2273194417 0
5.18485506305 1.27128977063 0
5.19099098621 1.30875372908 0
5.19712690936 1.33945755078 0
5.20326283251 1.36318249466 0
5.20939875566 1.37974618876 0
5.21553467881 1.38900378447 0
5.22167060196 1.39084891411 0
5.22780652511 1.38521444639 0
5.23394244827 1.37207303498 0
5.24007837142 1.35143745672 0
5.24621429457 1.32336073706 0
5.25235021772 1.28793606142 0
5.25848614087 1.24529647227 0
5.26462206402 1.19561435295 0
5.27075798718 1.13910070034 0
5.27689391033 1.07600418955 0
5.28302983348 1.00661003498 0
5.28916575663 0.931238653272 0
5.29530167978 0.850244134482 0
5.30143760293 0.764012529078 0
5.30757352608 0.672959959271 0
5.31370944924 0.577530564078 0
5.31984537239 0.47819428851 0
5.32598129554 0.375444528057 0
5.33211721869 0.26979564046 0
5.33825314184 0.161780337481 0
5.34438906499 0.0519469700421 0
5.35052498815 -0.0591432793011 0
5.3566609113 -0.170919282069 0
5.36279683445 -0.282802912821 0
5.3689327576 -0.39421204608 0
5.37506868075 -0.504563585625 0
5.3812046039 -0.613276510387 0
5.38734052705 -0.719774921001 0
5.39347645021 -0.8234910711 0
5.39961237336 -0.923868367413 0
5.40574829651 -1.0203643229 0
5.41188421966 -1.11245344737 0
5.41802014281 -1.1996300602 0
5.42415606596 -1.28141101049 0
5.43029198912 -1.35733828981 0
5.43642791227 -1.42698152407 0
5.44256383542 -1.48994033072 0
5.44869975857 -1.54584652903 0
5.45483568172 -1.59436619125 0
5.46097160487 -1.63520152361 0
5.46710752802 -1.66809256701 0
5.47324345118 -1.69281870787 0
5.47937937433 -1.70919999093 0
5.48551529748 -1.71709822657 0
5.49165122063 -1.71641788628 0
5.49778714378 -1.70710678119 0
5.50392306693 -1.68915651942 0
5.51005899009 -1.66260273937 0
5.51619491324 -1.62752511707 0
5.52233083639 -1.58404714694 0
5.52846675954 -1.53233569656 0
5.53460268269 -1.47260033706 0
5.54073860584 -1.40509245198 0
5.54687452899 -1.33010412867 0
5.55301045215 -1.24796683734 0
5.5591463753 -1.15904990394 0
5.56528229845 -1.06375878435 0
5.5714182216 -0.962533148013 0
5.57755414475 -0.855844780602 0
5.5836900679 -0.744195315845 0
5.58982599106 -0.628113807831 0
5.59596191421 -0.508154155795 0
5.60209783736 -0.384892394216 0
5.60823376051 -0.258923861798 0
5.61436968366 -0.130860263499 0
5.62050560681 -0.00132664039625 0
5.62664152996 0.129041737349 0
5.63277745312 0.259602538743 0
5.63891337627 0.389709585396 0
5.64504929942 0.518716093841 0
5.65118522257 0.6459779303 0
5.65732114572 0.770856861305 0
5.66345706887 0.892723783645 0
5.66959299203 1.01096191714 0
5.67572891518 1.12496994391 0
5.68186483833 1.23416507813 0
5.68800076148 1.33798605042 0
5.69413668463 1.43589599168 0
5.70027260778 1.52738520141 0
5.70640853093 1.61197378629 0
5.71254445409 1.68921415545 0
5.71868037724 1.75869335943 0
5.72481630039 1.82003526066 0
5.73095222354 1.87290252433 0
5.73708814669 1.91699841904 0
5.74322406984 1.95206841796 0
5.749359993 1.9779015919 0
5.75549591615 1.99433178705 0
5.7616318393 2.00123858094 0
5.76776776245 1.99854801152 0
5.7739036856 1.98623307526 0
5.78003960875 1.96431399139 0
5.7861755319 1.93285823065 0
5.79231145506 1.89198030789 0
5.79844737821 1.84184133941 0
5.80458330136 1.78264836671 0
5.81071922451 1.71465344987 0
5.81685514766 1.63815253474 0
5.82299107081 1.55348409926 0
5.82912699397 1.4610275855 0
5.83526291712 1.36120162496 0
5.84139884027 1.25446206573 0
5.84753476342 1.14129981127 0
5.85367068657 1.02223848126 0
5.85980660972 0.89783190615 0
5.86594253287 0.76866146766 0
5.87207845603 0.635333298483 0
5.87821437918 0.49847535492 0
5.88435030233 0.358734377027 0
5.89048622548 0.216772751325 0
5.89662214863 0.0732652916331 0
5.90275807178 -0.0711040459604 0
5.90889399494 -0.215645497684 0
5.91502991809 -0.359666859628 0
5.92116584124 -0.502476871496 0
5.92730176439 -0.643388599725 0
5.93343768754 -0.78172280312 0
5.93957361069 -0.916811264259 0
5.94570953384 -1.04800007006 0
5.951845457 -1.17465282516 0
5.95798138015 -1.29615378215 0
5.9641173033 -1.41191087303 0
5.97025322645 -1.52135862675 0
5.9763891496 -1.6239609584 0
5.98252507275 -1.71921381613 0
5.98866099591 -1.80664767258 0
5.99479691906 -1.88582984846 0
6.00093284221 -1.95636665673 0
6.00706876536 -2.01790535673 0
6.01320468851 -2.07013590856 0
6.01934061166 -2.11279251889 0
6.02547653481 -2.14565497077 0
6.03161245797 -2.16854973066 0
6.03774838112 -2.1813508272 0
6.04388430427 -2.18398049762 0
6.05002022742 -2.17640959834 0
6.05615615057 -2.15865777798 0
6.06229207372 -2.13079341179 0
6.06842799688 -2.09293329813 0
6.07456392003 -2.04524211823 0
6.08069984318 -1.98793166235 0
6.08683576633 -1.92125982585 0
6.09297168948 -1.84552938063 0
6.09910761263 -1.76108652766 0
6.10524353578 -1.66831923822 0
6.11137945894 -1.56765539187 0
6.11751538209 -1.45956072062 0
6.12365130524 -1.34453656935 0
6.12978722839 -1.22311748377 0
6.13592315154 -1.09586863789 0
6.14205907469 -0.963383113661 0
6.14819499785 -0.826279046353 0
6.154330921 -0.685196649823 0
6.16046684415 -0.540795136317 0
6.1666027673 -0.393749546075 0
6.17273869045 -0.244747502355 0
6.1788746136 -0.0944859078808 0
6.18501053675 0.0563324010363 0
6.19114645991 0.207002026256 0
6.19728238306 0.356818388894 0
6.20341830621 0.505081103181 0
6.20955422936 0.651097326567 0
6.21569015251 0.794185069734 0
6.22182607566 0.933676450364 0
6.22796199882 1.06892087484 0
6.23409792197 1.19928813246 0
6.24023384512 1.32417138707 0
6.24636976827 1.4429900519 0
6.25250569142 1.55519253343 0
6.25864161457 1.66025883145 0
6.26477753772 1.75770298263 0
6.27091346088 1.84707533606 0
6.27704938403 1.92796465002 0
